1 1 1 1 1 1 1 1 1 1 1 1 1 1 1 1 1 1 1 1 1 1 1 1 1 1 1 1 1 1 1 1 1 1 1 1 1 1 1 1 1 1 1 1 1 1 1 1 1 1 1 1 1 1 1 1 1 1 1 1 1 1 1 1 1 1 1 1 1 1 1 1 1 1 1 1 1 1 1 1 1 1 1 1 1 1 1 1 1 1 1 1 1 1 1 1 1 1 1 1 
1 0.348427 0.266756 0.290931 0.317503 0.329872 0.33152 0.328881 0.32597 0.32416 0.323449 0.323432 0.323725 0.324078 0.324367 0.324548 0.324627 0.324625 0.324572 0.324493 0.32441 0.324335 0.324278 0.324242 0.324228 0.324238 0.324269 0.32432 0.324389 0.324472 0.32456 0.324647 0.324723 0.324782 0.32482 0.324836 0.324831 0.324809 0.324775 0.324736 0.324698 0.324664 0.324638 0.324621 0.324612 0.324612 0.324617 0.324626 0.324635 0.324642 0.324644 0.324641 0.324634 0.324624 0.324615 0.324609 0.324609 0.324617 0.324634 0.324659 0.324691 0.324727 0.324761 0.324788 0.324802 0.324797 0.324769 0.324719 0.324648 0.324562 0.32447 0.324381 0.324303 0.324241 0.324199 0.32418 0.324183 0.324209 0.324257 0.324325 0.324406 0.324485 0.324544 0.324555 0.324488 0.324319 0.324043 0.3237 0.323415 0.323438 0.324153 0.325966 0.328879 0.331519 0.329871 0.317503 0.290931 0.266756 0.348427 1 
1 0.266756 0.160633 0.173026 0.19754 0.212384 0.21696 0.21585 0.212989 0.210375 0.208613 0.207654 0.207252 0.207167 0.207229 0.207337 0.207445 0.207541 0.207625 0.207704 0.207782 0.207855 0.207919 0.207962 0.207977 0.207963 0.207921 0.207859 0.207789 0.207723 0.207668 0.207628 0.207606 0.207597 0.207601 0.207612 0.207631 0.207655 0.207683 0.207714 0.207745 0.207771 0.207788 0.207793 0.207784 0.207763 0.207733 0.207701 0.207672 0.207653 0.207646 0.207653 0.207673 0.207702 0.207735 0.207765 0.207785 0.207794 0.207788 0.207769 0.207741 0.207708 0.207675 0.207644 0.207618 0.207599 0.207589 0.20759 0.207606 0.207641 0.207694 0.207764 0.207842 0.207917 0.207976 0.208008 0.208007 0.207972 0.20791 0.20783 0.207741 0.207648 0.207551 0.207445 0.207329 0.207218 0.207155 0.207241 0.207645 0.208607 0.21037 0.212986 0.215849 0.216959 0.212384 0.19754 0.173026 0.160633 0.266756 1 
1 0.290931 0.173026 0.185054 0.217945 0.244395 0.258881 0.26344 0.262143 0.258499 0.254652 0.251563 0.249461 0.248231 0.247653 0.24752 0.247673 0.248006 0.248449 0.248947 0.249454 0.249922 0.250301 0.250551 0.250643 0.250566 0.250334 0.249975 0.249535 0.249065 0.248615 0.248224 0.24792 0.247716 0.247613 0.247607 0.247686 0.247835 0.248032 0.248254 0.248475 0.248665 0.248802 0.24887 0.248865 0.248793 0.248675 0.248539 0.248413 0.248326 0.248297 0.248331 0.248422 0.24855 0.248689 0.248808 0.248879 0.248883 0.248813 0.248674 0.248482 0.248263 0.248046 0.247859 0.247729 0.247679 0.247726 0.24788 0.248147 0.248518 0.248971 0.24947 0.249965 0.2504 0.250721 0.250887 0.250874 0.250683 0.250334 0.249867 0.249331 0.248784 0.24828 0.247884 0.247673 0.247757 0.248297 0.2495 0.251585 0.254663 0.258503 0.262145 0.26344 0.258882 0.244395 0.217944 0.185054 0.173026 0.290931 1 
1 0.317503 0.19754 0.217945 0.268719 0.31775 0.353283 0.37293 0.379711 0.378545 0.373841 0.368525 0.36408 0.360999 0.359242 0.358558 0.358661 0.359299 0.360264 0.36139 0.362529 0.363557 0.36437 0.364895 0.365086 0.364931 0.364448 0.363684 0.362718 0.361648 0.360582 0.35962 0.358839 0.358288 0.357987 0.357931 0.358095 0.358435 0.358898 0.359419 0.359932 0.360376 0.360699 0.360872 0.360888 0.360763 0.360537 0.360266 0.360013 0.359836 0.359776 0.359846 0.360033 0.360293 0.360569 0.360798 0.360922 0.360905 0.360729 0.360405 0.359966 0.359464 0.358965 0.358541 0.35826 0.358181 0.358347 0.35878 0.359476 0.3604 0.361483 0.362627 0.363717 0.364639 0.3653 0.365633 0.365605 0.365214 0.364488 0.363493 0.362326 0.36112 0.360035 0.359259 0.359017 0.359574 0.361227 0.364228 0.368615 0.373893 0.378573 0.379725 0.372938 0.353287 0.317752 0.268719 0.217944 0.19754 0.317503 1 
1 0.329872 0.212384 0.244395 0.31775 0.396316 0.460486 0.502839 0.525386 0.533905 0.534253 0.53091 0.526722 0.523166 0.520788 0.519606 0.519397 0.519866 0.520724 0.521723 0.52267 0.52344 0.523978 0.524285 0.524388 0.524306 0.524032 0.523546 0.522844 0.521963 0.520985 0.520019 0.519174 0.518537 0.518157 0.518044 0.518174 0.518493 0.518931 0.519414 0.519872 0.520257 0.520538 0.520708 0.520769 0.520733 0.520623 0.520468 0.520311 0.520197 0.520158 0.520206 0.520329 0.520492 0.520651 0.520764 0.5208 0.52074 0.520573 0.520297 0.519924 0.519486 0.51904 0.518658 0.51842 0.518398 0.518641 0.519162 0.519935 0.520885 0.521904 0.52287 0.523677 0.524264 0.524625 0.524786 0.52477 0.52457 0.524151 0.523489 0.522607 0.521613 0.520696 0.520119 0.520193 0.521234 0.523484 0.526934 0.531043 0.53433 0.533947 0.525409 0.502852 0.460494 0.396321 0.317752 0.244396 0.212384 0.329871 1 
1 0.33152 0.21696 0.258881 0.353283 0.460486 0.551075 0.613543 0.650918 0.670473 0.678903 0.681178 0.680588 0.67907 0.677598 0.676524 0.675851 0.675416 0.675009 0.674451 0.673655 0.672661 0.671646 0.670866 0.670551 0.670803 0.671544 0.672558 0.673581 0.67441 0.67495 0.675212 0.675266 0.675203 0.675094 0.674977 0.674856 0.674707 0.674503 0.674225 0.673892 0.673559 0.67331 0.673223 0.673335 0.673626 0.674025 0.67444 0.67479 0.675018 0.675095 0.675012 0.674778 0.674422 0.674003 0.673602 0.673314 0.673208 0.673306 0.673568 0.673916 0.674268 0.674569 0.674803 0.674985 0.67514 0.675279 0.675381 0.675386 0.675205 0.674741 0.673943 0.672854 0.671647 0.670605 0.670017 0.670064 0.670728 0.671802 0.672994 0.674049 0.674851 0.675442 0.675985 0.676699 0.677767 0.679208 0.680687 0.681243 0.678941 0.670494 0.65093 0.613552 0.551083 0.460493 0.353287 0.258882 0.216959 0.331519 1 
1 0.328881 0.21585 0.26344 0.37293 0.502839 0.613543 0.690261 0.737937 0.765493 0.780284 0.787466 0.790403 0.791149 0.79084 0.790006 0.788797 0.787159 0.784959 0.782102 0.778642 0.774874 0.771356 0.76879 0.76778 0.76858 0.770988 0.774428 0.778191 0.781679 0.784538 0.786651 0.788057 0.788859 0.789164 0.78905 0.788555 0.787694 0.786488 0.785006 0.783392 0.781878 0.780742 0.780223 0.780422 0.781261 0.782507 0.783856 0.785026 0.785804 0.786066 0.785773 0.784966 0.783771 0.782403 0.78115 0.780315 0.780131 0.780674 0.781834 0.783367 0.784991 0.786471 0.787658 0.788477 0.788893 0.788869 0.78834 0.787202 0.785332 0.782634 0.779133 0.775076 0.771 0.76767 0.765851 0.766005 0.768093 0.771592 0.775722 0.779757 0.78323 0.785975 0.788035 0.789541 0.790568 0.790993 0.790313 0.787413 0.780252 0.765473 0.737927 0.690259 0.613548 0.502848 0.372937 0.263442 0.21585 0.32888 1 
1 0.32597 0.212989 0.262143 0.379711 0.525386 0.650918 0.737937 0.792812 0.825826 0.844925 0.855452 0.860828 0.863145 0.863592 0.862749 0.860795 0.857663 0.853185 0.847246 0.839989 0.832022 0.824519 0.819012 0.816833 0.818549 0.823708 0.831039 0.838999 0.846339 0.852363 0.856862 0.859919 0.861729 0.862484 0.862318 0.861304 0.859474 0.856878 0.853658 0.850122 0.846772 0.844233 0.843047 0.84345 0.845256 0.847935 0.850818 0.853298 0.854938 0.855489 0.854874 0.853173 0.850638 0.847714 0.845016 0.843219 0.842848 0.844081 0.846666 0.850046 0.853587 0.856779 0.859306 0.861013 0.861825 0.861674 0.860443 0.857949 0.853966 0.84831 0.841005 0.832509 0.823902 0.816816 0.81293 0.813269 0.817744 0.825196 0.833909 0.842327 0.84949 0.855042 0.859017 0.861584 0.862848 0.862678 0.860537 0.855272 0.844814 0.82576 0.792777 0.737923 0.65092 0.525397 0.37972 0.262146 0.212988 0.325969 1 
1 0.32416 0.210375 0.258499 0.378545 0.533905 0.670473 0.765493 0.825826 0.862769 0.884818 0.89755 0.904474 0.907716 0.908465 0.907267 0.904212 0.899075 0.891462 0.881028 0.867834 0.85284 0.838294 0.827405 0.823054 0.826464 0.836661 0.850909 0.865962 0.879401 0.890095 0.897881 0.903071 0.906101 0.90734 0.907018 0.905228 0.901975 0.897278 0.891312 0.884586 0.87806 0.873031 0.870692 0.871566 0.875246 0.880594 0.886234 0.890995 0.894098 0.895135 0.893984 0.890768 0.885904 0.880184 0.874797 0.871133 0.870327 0.872763 0.877883 0.884466 0.891198 0.897113 0.901691 0.904734 0.906188 0.90599 0.903965 0.899789 0.893003 0.883142 0.870023 0.85424 0.837725 0.823806 0.816084 0.816771 0.825675 0.840282 0.856914 0.872428 0.885152 0.894675 0.901255 0.905333 0.907224 0.906931 0.903982 0.897243 0.884629 0.862656 0.825764 0.765467 0.670473 0.533921 0.378559 0.258503 0.210374 0.324157 1 
1 0.323449 0.208613 0.254652 0.373841 0.534253 0.678903 0.780284 0.844925 0.884818 0.908946 0.923132 0.930993 0.934681 0.935355 0.933456 0.928866 0.921009 0.908969 0.891752 0.868885 0.841547 0.813889 0.792686 0.784135 0.790806 0.810656 0.837839 0.865477 0.888977 0.9068 0.919246 0.927265 0.93181 0.933574 0.932933 0.92997 0.924569 0.916573 0.906059 0.893738 0.881345 0.871571 0.867059 0.868993 0.876457 0.886984 0.897758 0.906603 0.912249 0.914118 0.912056 0.906216 0.897183 0.886252 0.875645 0.868212 0.866419 0.871131 0.88109 0.893596 0.905936 0.916374 0.924194 0.929292 0.93177 0.931651 0.928715 0.922403 0.911807 0.895802 0.873493 0.845236 0.814246 0.787335 0.772236 0.773602 0.791036 0.819207 0.850195 0.877686 0.899075 0.914346 0.924508 0.930661 0.933586 0.93357 0.930298 0.9227 0.908679 0.884658 0.844836 0.780247 0.678904 0.534277 0.373862 0.254658 0.208612 0.323446 1 
1 0.323432 0.207654 0.251563 0.368525 0.53091 0.681178 0.787466 0.855452 0.89755 0.923132 0.938243 0.946605 0.95039 0.9507 0.947808 0.941266 0.929905 0.911841 0.884661 0.846272 0.797358 0.745545 0.705309 0.689145 0.701684 0.739258 0.790311 0.840182 0.880069 0.908521 0.927378 0.939024 0.945383 0.947686 0.946503 0.941839 0.933267 0.920153 0.902104 0.879824 0.856288 0.837144 0.828375 0.83265 0.847853 0.868542 0.888908 0.905007 0.914993 0.918258 0.914681 0.904367 0.887926 0.867254 0.846395 0.831252 0.827269 0.836454 0.855972 0.879722 0.902038 0.919975 0.932845 0.94101 0.945027 0.945182 0.941249 0.932329 0.916743 0.892049 0.855558 0.80624 0.749123 0.698516 0.670316 0.672891 0.705598 0.758597 0.815289 0.862672 0.897189 0.920467 0.935303 0.944082 0.948383 0.948953 0.945711 0.937688 0.922788 0.897343 0.855337 0.78742 0.681184 0.530948 0.368555 0.251572 0.207653 0.323428 1 
1 0.323725 0.207252 0.249461 0.36408 0.526722 0.680588 0.790403 0.860828 0.904474 0.930993 0.946605 0.955122 0.958735 0.958477 0.954418 0.945674 0.930238 0.904701 0.864063 0.802598 0.718976 0.628517 0.561268 0.53561 0.555283 0.617382 0.706159 0.792109 0.856795 0.899879 0.926821 0.942715 0.951053 0.953832 0.951844 0.944885 0.931906 0.911222 0.881097 0.841374 0.796777 0.759312 0.742376 0.751564 0.782116 0.822345 0.860235 0.888798 0.905872 0.911359 0.905388 0.887775 0.858602 0.820115 0.779537 0.749113 0.740528 0.758305 0.796498 0.841464 0.881218 0.91116 0.931506 0.943964 0.950112 0.9508 0.945904 0.934105 0.912588 0.876697 0.820145 0.738322 0.640036 0.556273 0.512902 0.516842 0.567905 0.656738 0.754097 0.83167 0.884348 0.917732 0.938049 0.949776 0.955641 0.956992 0.954041 0.94593 0.930572 0.904219 0.860687 0.790349 0.680602 0.526778 0.364122 0.249473 0.20725 0.323718 1 
1 0.324078 0.207167 0.248231 0.360999 0.523166 0.67907 0.791149 0.863145 0.907716 0.934681 0.95039 0.958735 0.96194 0.96099 0.955771 0.944936 0.925509 0.892142 0.836165 0.746169 0.619082 0.490376 0.409587 0.382608 0.402709 0.475127 0.598765 0.729632 0.825537 0.885692 0.921299 0.941408 0.951556 0.954634 0.951612 0.941887 0.923363 0.892431 0.84439 0.776176 0.695039 0.626694 0.597166 0.6144 0.6702 0.74392 0.811499 0.860011 0.887802 0.896549 0.887094 0.858464 0.808914 0.740261 0.666012 0.610636 0.594556 0.625535 0.695121 0.776792 0.844926 0.892623 0.92308 0.94096 0.949731 0.951226 0.945608 0.931166 0.903755 0.855818 0.775862 0.654634 0.513757 0.412116 0.368064 0.372077 0.425721 0.537495 0.679052 0.792912 0.866264 0.910238 0.935899 0.950378 0.957732 0.95994 0.957487 0.949601 0.93418 0.907407 0.862973 0.791085 0.679096 0.523245 0.361058 0.248248 0.207165 0.324069 1 
1 0.324367 0.207229 0.247653 0.359242 0.520788 0.677598 0.79084 0.863592 0.908465 0.935355 0.9507 0.958477 0.96099 0.959265 0.9531 0.940808 0.918578 0.879294 0.810789 0.696524 0.536461 0.394495 0.320671 0.298677 0.31423 0.378084 0.510296 0.674158 0.797132 0.87169 0.914089 0.93722 0.94851 0.951599 0.947487 0.934972 0.910526 0.867741 0.797102 0.690579 0.563086 0.466102 0.429118 0.450708 0.525995 0.638039 0.746371 0.822467 0.864459 0.877408 0.863508 0.820328 0.742676 0.632896 0.520826 0.446867 0.426913 0.46557 0.564137 0.692242 0.79836 0.868346 0.910462 0.934149 0.945618 0.94808 0.942214 0.926127 0.894611 0.837579 0.738975 0.587736 0.426482 0.329706 0.293697 0.297265 0.342927 0.453464 0.619311 0.760773 0.850071 0.901724 0.930995 0.947292 0.95575 0.958806 0.957082 0.949791 0.934762 0.908089 0.863379 0.790762 0.677637 0.520897 0.359322 0.247678 0.207226 0.324355 1 
1 0.324548 0.207337 0.24752 0.358558 0.519606 0.676524 0.790006 0.862749 0.907267 0.933456 0.947808 0.954418 0.955771 0.9531 0.946343 0.933747 0.911108 0.870442 0.797998 0.675268 0.505048 0.362983 0.294008 0.274069 0.287224 0.345394 0.475758 0.649974 0.78328 0.863048 0.907444 0.931118 0.942383 0.945167 0.940273 0.925778 0.89665 0.843588 0.752183 0.611641 0.455685 0.356801 0.323279 0.339835 0.408371 0.53449 0.678793 0.78407 0.841216 0.858597 0.840086 0.781483 0.67434 0.528947 0.404036 0.337316 0.322227 0.357205 0.457844 0.614638 0.754355 0.8447 0.896878 0.925164 0.938609 0.941888 0.936379 0.920362 0.888333 0.829331 0.725805 0.566672 0.402441 0.309344 0.276421 0.280228 0.323411 0.431466 0.601232 0.749024 0.84173 0.894545 0.92408 0.940565 0.949525 0.953466 0.952876 0.946754 0.932737 0.906796 0.862476 0.789903 0.676575 0.519751 0.358667 0.247554 0.207333 0.324533 1 
1 0.324627 0.207445 0.247673 0.358661 0.519397 0.675851 0.788797 0.860795 0.904212 0.928866 0.941266 0.945674 0.944936 0.940808 0.933747 0.922329 0.902484 0.866467 0.801465 0.690539 0.533218 0.392122 0.317601 0.294547 0.309105 0.372013 0.503498 0.667023 0.788913 0.861438 0.90141 0.922348 0.932126 0.934414 0.9296 0.915027 0.88451 0.826921 0.725315 0.569475 0.407411 0.314049 0.282396 0.291904 0.346723 0.46694 0.629524 0.75592 0.824622 0.845406 0.823467 0.753272 0.625114 0.462198 0.34375 0.290547 0.282199 0.315164 0.410421 0.573567 0.728264 0.828469 0.885019 0.914696 0.928338 0.931769 0.927123 0.91321 0.885091 0.832927 0.74129 0.598904 0.442344 0.343914 0.306425 0.311356 0.360788 0.472988 0.63078 0.761059 0.842108 0.888103 0.913738 0.928428 0.937325 0.942513 0.94392 0.939985 0.92795 0.903592 0.860425 0.78865 0.675907 0.519582 0.358806 0.247721 0.207442 0.324607 1 
1 0.324625 0.207541 0.248006 0.359299 0.519866 0.675416 0.787159 0.857663 0.899075 0.921009 0.929905 0.930238 0.925509 0.918578 0.911108 0.902484 0.888989 0.863544 0.815678 0.732706 0.61057 0.483432 0.401352 0.37233 0.390743 0.462225 0.585817 0.715952 0.808609 0.863449 0.892994 0.907773 0.914527 0.916437 0.913313 0.901721 0.874768 0.821062 0.724043 0.573579 0.413662 0.317144 0.280399 0.283801 0.331647 0.447338 0.614443 0.747711 0.820239 0.842181 0.819253 0.745485 0.610883 0.443927 0.329925 0.283409 0.281039 0.319158 0.41764 0.578372 0.727359 0.822801 0.875447 0.901685 0.912629 0.914819 0.911205 0.901329 0.881181 0.843019 0.775732 0.670276 0.542523 0.443866 0.399432 0.405626 0.462547 0.569522 0.693005 0.787595 0.845734 0.87804 0.89564 0.906529 0.915197 0.922827 0.928083 0.928225 0.919764 0.898216 0.857139 0.786935 0.675463 0.520092 0.359485 0.248071 0.207539 0.324602 1 
1 0.324572 0.207625 0.248449 0.360264 0.520724 0.675009 0.784959 0.853185 0.891462 0.908969 0.911841 0.904701 0.892142 0.879294 0.870442 0.866467 0.863544 0.854165 0.829333 0.780777 0.705752 0.618642 0.550388 0.522451 0.540913 0.603162 0.691472 0.773546 0.830087 0.861771 0.876131 0.881165 0.883188 0.885317 0.886631 0.882432 0.865031 0.823823 0.744889 0.61781 0.468439 0.361585 0.313027 0.311395 0.361126 0.479873 0.640135 0.763426 0.830218 0.850532 0.829547 0.761981 0.637996 0.478148 0.360881 0.312357 0.315101 0.365168 0.473627 0.62278 0.748025 0.825388 0.865656 0.88261 0.886652 0.885133 0.88223 0.878268 0.869643 0.849833 0.811291 0.749033 0.669522 0.598061 0.560044 0.565226 0.611623 0.685222 0.759288 0.812884 0.843163 0.856534 0.861747 0.866674 0.875777 0.888787 0.901725 0.909433 0.907173 0.890225 0.852426 0.784613 0.675025 0.520986 0.360496 0.248534 0.207627 0.324545 1 
1 0.324493 0.207704 0.248947 0.36139 0.521723 0.674451 0.782102 0.847246 0.881028 0.891752 0.884661 0.864063 0.836165 0.810789 0.797998 0.801465 0.815678 0.829333 0.831635 0.816339 0.7831 0.739866 0.70256 0.686309 0.69782 0.733296 0.779113 0.81845 0.841617 0.847857 0.841973 0.832138 0.826829 0.8305 0.841083 0.850976 0.850243 0.828933 0.777054 0.68675 0.567343 0.460615 0.40096 0.395955 0.451332 0.567714 0.701476 0.798916 0.852085 0.868508 0.851753 0.798301 0.700856 0.567936 0.453132 0.399117 0.405346 0.466161 0.573117 0.691055 0.779418 0.829875 0.850431 0.851105 0.841837 0.832231 0.829129 0.833769 0.841304 0.843575 0.833427 0.807941 0.771058 0.734981 0.714114 0.716466 0.740424 0.775496 0.806934 0.824073 0.824506 0.812857 0.799184 0.794936 0.806503 0.831232 0.859451 0.880959 0.889066 0.879225 0.846152 0.78158 0.67441 0.52201 0.361665 0.249054 0.20771 0.324464 1 
1 0.32441 0.207782 0.249454 0.362529 0.52267 0.673655 0.778642 0.839989 0.867834 0.868885 0.846272 0.802598 0.746169 0.696524 0.675268 0.690539 0.732706 0.780777 0.816339 0.832526 0.831135 0.818918 0.805391 0.79921 0.804411 0.818736 0.834624 0.842831 0.836633 0.813946 0.77924 0.745375 0.728095 0.735663 0.763944 0.798826 0.824198 0.829166 0.807905 0.757924 0.684216 0.607458 0.556755 0.552634 0.60136 0.688435 0.7778 0.84293 0.879805 0.891517 0.879713 0.842865 0.77811 0.689836 0.604531 0.557419 0.56247 0.613162 0.688808 0.760727 0.808985 0.828943 0.823286 0.798231 0.765131 0.739751 0.734847 0.75303 0.785319 0.816711 0.836033 0.840374 0.833151 0.821691 0.813851 0.814121 0.821492 0.829805 0.830324 0.815418 0.781826 0.734718 0.691263 0.672745 0.690385 0.738045 0.794964 0.84043 0.864869 0.865254 0.83846 0.777895 0.673529 0.522967 0.362844 0.249583 0.207793 0.324378 1 
1 0.324335 0.207855 0.249922 0.363557 0.52344 0.672661 0.774874 0.832022 0.85284 0.841547 0.797358 0.718976 0.619082 0.536461 0.505048 0.533218 0.61057 0.705752 0.7831 0.831135 0.854918 0.863193 0.864198 0.864031 0.865362 0.86683 0.863517 0.848361 0.813954 0.755442 0.678563 0.608699 0.57471 0.588485 0.643992 0.71847 0.782402 0.819823 0.828985 0.813427 0.780029 0.741398 0.714735 0.714537 0.744594 0.79429 0.845011 0.883845 0.907003 0.914594 0.907016 0.883979 0.845519 0.795596 0.747082 0.718104 0.718744 0.745005 0.782526 0.814444 0.828436 0.817778 0.779261 0.715649 0.644299 0.594123 0.585746 0.623136 0.69249 0.765255 0.819217 0.850679 0.864989 0.869269 0.869445 0.868545 0.865785 0.856614 0.833555 0.787765 0.713051 0.618137 0.537118 0.503018 0.528037 0.606301 0.706685 0.788438 0.835795 0.849327 0.830001 0.773881 0.672435 0.523731 0.3639 0.250068 0.207871 0.324303 1 
1 0.324278 0.207919 0.250301 0.36437 0.523978 0.671646 0.771356 0.824519 0.838294 0.813889 0.745545 0.628517 0.490376 0.394495 0.362983 0.392122 0.483432 0.618642 0.739866 0.818918 0.863193 0.885449 0.895272 0.898525 0.897537 0.891182 0.874965 0.841075 0.778717 0.678528 0.553091 0.452954 0.41038 0.426654 0.500182 0.615968 0.72739 0.80158 0.838972 0.849428 0.842991 0.829906 0.820642 0.823301 0.840116 0.866349 0.893747 0.915837 0.929631 0.93427 0.929647 0.915939 0.894081 0.867117 0.841466 0.825142 0.822602 0.83147 0.843665 0.848793 0.83661 0.797026 0.720537 0.608725 0.497091 0.429796 0.419846 0.468821 0.572644 0.69467 0.788641 0.846445 0.877854 0.892879 0.898161 0.896672 0.887676 0.866598 0.824742 0.74961 0.631991 0.494736 0.396961 0.361349 0.386051 0.474942 0.611569 0.733303 0.806359 0.833891 0.822055 0.770145 0.671327 0.524251 0.364729 0.25046 0.207938 0.324246 1 
1 0.324242 0.207962 0.250551 0.364895 0.524285 0.670866 0.76879 0.819012 0.827405 0.792686 0.705309 0.561268 0.409587 0.320671 0.294008 0.317601 0.401352 0.550388 0.70256 0.805391 0.864198 0.895272 0.91013 0.915174 0.912784 0.90177 0.877182 0.829469 0.743869 0.608452 0.453279 0.35078 0.312776 0.325543 0.393102 0.523954 0.673981 0.781466 0.841905 0.870356 0.880085 0.881097 0.881117 0.885337 0.895526 0.910002 0.925217 0.93791 0.946093 0.948878 0.946045 0.937856 0.925235 0.910185 0.895929 0.885897 0.881623 0.88122 0.879409 0.868345 0.837785 0.774132 0.662728 0.511969 0.386699 0.325058 0.317467 0.362011 0.472103 0.627809 0.756703 0.836613 0.880765 0.902952 0.911468 0.909797 0.897234 0.868701 0.813766 0.716495 0.568149 0.413623 0.321953 0.292624 0.313561 0.394929 0.542321 0.691018 0.784039 0.822468 0.816294 0.767457 0.670489 0.524539 0.365255 0.250713 0.207984 0.324211 1 
1 0.324228 0.207977 0.250643 0.365086 0.524388 0.670551 0.76778 0.816833 0.823054 0.784135 0.689145 0.53561 0.382608 0.298677 0.274069 0.294547 0.37233 0.522451 0.686309 0.79921 0.864031 0.898525 0.915174 0.920728 0.917625 0.904573 0.876215 0.821871 0.724644 0.572698 0.409348 0.311889 0.277357 0.286382 0.344873 0.474078 0.64249 0.769727 0.843718 0.882055 0.900031 0.907827 0.912163 0.917129 0.92439 0.933542 0.942986 0.950968 0.956192 0.95795 0.956031 0.950668 0.942595 0.933117 0.923973 0.916702 0.911615 0.906926 0.898387 0.879037 0.838276 0.760259 0.627945 0.459236 0.336836 0.284002 0.279215 0.319363 0.42509 0.591835 0.73813 0.829537 0.880019 0.905579 0.915641 0.914115 0.900378 0.869117 0.809104 0.703013 0.543395 0.386085 0.299627 0.273602 0.293147 0.370006 0.517733 0.675143 0.775618 0.8182 0.814164 0.766468 0.670175 0.524629 0.365434 0.250801 0.207999 0.324198 1 
1 0.324238 0.207963 0.250566 0.364931 0.524306 0.670803 0.76858 0.818549 0.826464 0.790806 0.701684 0.555283 0.402709 0.31423 0.287224 0.309105 0.390743 0.540913 0.69782 0.804411 0.865362 0.897537 0.912784 0.917625 0.914445 0.901944 0.874816 0.82264 0.72912 0.582275 0.420828 0.3205 0.282805 0.289852 0.347628 0.477159 0.646084 0.773821 0.84876 0.888581 0.908386 0.917961 0.923496 0.928635 0.934933 0.942324 0.94979 0.956085 0.960196 0.961518 0.959859 0.955426 0.948844 0.941153 0.933616 0.927234 0.922001 0.916221 0.906048 0.884984 0.842765 0.763663 0.6305 0.460995 0.338486 0.2866 0.283768 0.326727 0.43463 0.599186 0.741217 0.829691 0.878494 0.903173 0.912993 0.911884 0.899344 0.87036 0.814426 0.715347 0.564458 0.408744 0.317949 0.289753 0.31144 0.39325 0.541123 0.690369 0.783735 0.822334 0.816237 0.767437 0.670486 0.524541 0.365255 0.250712 0.207981 0.324209 1 
1 0.324269 0.207921 0.250334 0.364448 0.524032 0.671544 0.770988 0.823708 0.836661 0.810656 0.739258 0.617382 0.475127 0.378084 0.345394 0.372013 0.462225 0.603162 0.733296 0.818736 0.86683 0.891182 0.90177 0.904573 0.901944 0.892647 0.871716 0.830057 0.754283 0.632895 0.486678 0.379423 0.333105 0.33999 0.404909 0.535326 0.685363 0.79396 0.857484 0.890947 0.906974 0.91423 0.918547 0.923426 0.930201 0.938451 0.94681 0.953798 0.958296 0.959663 0.957693 0.952595 0.945034 0.936191 0.927626 0.920748 0.915917 0.91162 0.904088 0.887162 0.851754 0.784728 0.6713 0.519417 0.394586 0.336001 0.334138 0.385932 0.499098 0.646113 0.763506 0.835625 0.875046 0.89458 0.902305 0.901857 0.892831 0.870814 0.8271 0.748902 0.626867 0.486131 0.388525 0.35461 0.380861 0.471079 0.609179 0.73211 0.805815 0.83365 0.821952 0.770109 0.671326 0.524265 0.364738 0.25046 0.207935 0.324241 1 
1 0.32432 0.207859 0.249975 0.363684 0.523546 0.672558 0.774428 0.831039 0.850909 0.837839 0.790311 0.706159 0.598765 0.510296 0.475758 0.503498 0.585817 0.691472 0.779113 0.834624 0.863517 0.874965 0.877182 0.876215 0.874816 0.871716 0.861839 0.837175 0.787928 0.705959 0.598285 0.501948 0.452038 0.459575 0.526339 0.637135 0.746349 0.822509 0.866212 0.887048 0.894043 0.89475 0.895305 0.899661 0.908797 0.921053 0.933595 0.943912 0.950417 0.952329 0.94941 0.941866 0.930501 0.917028 0.904178 0.894959 0.890987 0.890986 0.890599 0.883321 0.861301 0.815264 0.73577 0.624311 0.516127 0.454966 0.453022 0.50797 0.607372 0.714155 0.793397 0.840621 0.864626 0.874921 0.878544 0.879052 0.876015 0.865185 0.839353 0.789738 0.710067 0.610093 0.526647 0.493158 0.520248 0.601094 0.703821 0.787047 0.835147 0.849029 0.82987 0.773837 0.672446 0.523772 0.363933 0.250078 0.207868 0.324295 1 
1 0.324389 0.207789 0.249535 0.362718 0.522844 0.673581 0.778191 0.838999 0.865962 0.865477 0.840182 0.792109 0.729632 0.674158 0.649974 0.667023 0.715952 0.773546 0.81845 0.842831 0.848361 0.841075 0.829469 0.821871 0.82264 0.830057 0.837175 0.83488 0.815211 0.7739 0.714919 0.656328 0.622656 0.629285 0.675671 0.743534 0.806132 0.848416 0.869148 0.872476 0.864434 0.852732 0.845803 0.849593 0.864621 0.886255 0.908146 0.925599 0.936299 0.939406 0.934691 0.922257 0.90293 0.879257 0.856472 0.841431 0.838728 0.847249 0.86029 0.868912 0.865255 0.843334 0.799291 0.735369 0.668393 0.62525 0.622559 0.65926 0.718841 0.776763 0.816439 0.835401 0.838881 0.835034 0.831803 0.833791 0.840282 0.845584 0.841738 0.821907 0.783231 0.731388 0.684773 0.66552 0.684358 0.733997 0.792652 0.839221 0.864255 0.864945 0.838311 0.777844 0.673557 0.523053 0.36292 0.249613 0.207793 0.324367 1 
1 0.324472 0.207723 0.249065 0.361648 0.521963 0.67441 0.781679 0.846339 0.879401 0.888977 0.880069 0.856795 0.825537 0.797132 0.78328 0.788913 0.808609 0.830087 0.841617 0.836633 0.813954 0.778717 0.743869 0.724644 0.72912 0.754283 0.787928 0.815211 0.826508 0.819664 0.798963 0.774879 0.760768 0.765797 0.789542 0.821946 0.849725 0.863976 0.861294 0.841886 0.809936 0.775947 0.755081 0.758548 0.786278 0.827235 0.86735 0.897853 0.915866 0.921062 0.913424 0.892626 0.858834 0.815338 0.77221 0.744735 0.743768 0.768088 0.805037 0.838648 0.858479 0.860745 0.845679 0.817278 0.78516 0.762753 0.759378 0.774462 0.798223 0.817457 0.822635 0.811005 0.786761 0.760771 0.746031 0.750501 0.7728 0.802606 0.82662 0.836411 0.830644 0.814197 0.797355 0.791715 0.803328 0.828826 0.857891 0.880027 0.888526 0.878914 0.845977 0.781505 0.674441 0.522144 0.361804 0.249121 0.207722 0.324452 1 
1 0.32456 0.207668 0.248615 0.360582 0.520985 0.67495 0.784538 0.852363 0.890095 0.9068 0.908521 0.899879 0.885692 0.87169 0.863048 0.861438 0.863449 0.861771 0.847857 0.813946 0.755442 0.678528 0.608452 0.572698 0.582275 0.632895 0.705959 0.7739 0.819664 0.842339 0.848308 0.846249 0.84462 0.84881 0.858971 0.870213 0.87526 0.867245 0.840533 0.791351 0.722408 0.651999 0.609155 0.61272 0.662069 0.737048 0.808807 0.860639 0.88994 0.898327 0.886478 0.852974 0.795733 0.718226 0.640347 0.592738 0.593893 0.642346 0.717504 0.789069 0.839054 0.865613 0.87312 0.867616 0.856245 0.846266 0.842166 0.843213 0.843576 0.834749 0.808684 0.761069 0.697287 0.637622 0.605636 0.613769 0.660279 0.727742 0.790008 0.832048 0.853693 0.861242 0.862853 0.865897 0.87434 0.887388 0.900631 0.908663 0.906655 0.889876 0.852188 0.784467 0.675007 0.521132 0.360696 0.248651 0.207664 0.324544 1 
1 0.324647 0.207628 0.248224 0.35962 0.520019 0.675212 0.786651 0.856862 0.897881 0.919246 0.927378 0.926821 0.921299 0.914089 0.907444 0.90141 0.892994 0.876131 0.841973 0.77924 0.678563 0.553091 0.453279 0.409348 0.420828 0.486678 0.598285 0.714919 0.798963 0.848308 0.87362 0.885283 0.890939 0.894905 0.897818 0.896912 0.886912 0.860712 0.809391 0.724034 0.608211 0.499659 0.441001 0.444503 0.50985 0.62204 0.736149 0.817042 0.861178 0.87374 0.856739 0.806937 0.718506 0.5977 0.486096 0.426593 0.428963 0.492741 0.605918 0.724202 0.809886 0.860688 0.886191 0.895559 0.895943 0.892477 0.887572 0.880078 0.865097 0.834468 0.777867 0.687487 0.574879 0.48167 0.43756 0.448037 0.514418 0.624629 0.73519 0.813381 0.859705 0.884691 0.898033 0.906655 0.914323 0.921693 0.92705 0.927414 0.919166 0.897767 0.856776 0.786631 0.675273 0.520133 0.3597 0.248246 0.207623 0.324633 1 
1 0.324723 0.207606 0.24792 0.358839 0.519174 0.675266 0.788057 0.859919 0.903071 0.927265 0.939024 0.942715 0.941408 0.93722 0.931118 0.922348 0.907773 0.881165 0.832138 0.745375 0.608699 0.452954 0.35078 0.311889 0.3205 0.379423 0.501948 0.656328 0.774879 0.846249 0.885283 0.905466 0.915324 0.919263 0.918263 0.910259 0.890253 0.849848 0.77646 0.657202 0.505761 0.387315 0.333661 0.336356 0.395743 0.518013 0.665421 0.775168 0.834556 0.851513 0.82959 0.76376 0.645952 0.494792 0.378365 0.326112 0.328316 0.385903 0.508384 0.661464 0.779678 0.851568 0.890727 0.909751 0.916875 0.916821 0.911224 0.898474 0.873248 0.825773 0.741689 0.610678 0.462804 0.363658 0.324568 0.334357 0.398554 0.527495 0.679019 0.790522 0.857353 0.894872 0.9158 0.928075 0.935945 0.940913 0.942503 0.938891 0.927153 0.902979 0.859864 0.788054 0.675324 0.519264 0.358896 0.247933 0.2076 0.324712 1 
1 0.324782 0.207597 0.247716 0.358288 0.518537 0.675203 0.788859 0.861729 0.906101 0.93181 0.945383 0.951053 0.951556 0.94851 0.942383 0.932126 0.914527 0.883188 0.826829 0.728095 0.57471 0.41038 0.312776 0.277357 0.282805 0.333105 0.452038 0.622656 0.760768 0.84462 0.890939 0.915324 0.9271 0.930889 0.92783 0.916022 0.890273 0.841037 0.753255 0.613093 0.44768 0.335695 0.290184 0.291734 0.340817 0.455644 0.616801 0.74565 0.816155 0.836545 0.811452 0.734916 0.599302 0.437793 0.329957 0.286712 0.288964 0.338251 0.454988 0.621949 0.759476 0.844484 0.891766 0.916147 0.926801 0.928503 0.922614 0.907202 0.876387 0.81889 0.717351 0.561818 0.402018 0.310412 0.278906 0.28865 0.346753 0.475853 0.645945 0.776218 0.854628 0.898932 0.923869 0.938177 0.94645 0.950567 0.950563 0.945115 0.931644 0.905996 0.861675 0.788858 0.675256 0.518615 0.358334 0.247724 0.207591 0.324772 1 
1 0.32482 0.207601 0.247613 0.357987 0.518157 0.675094 0.789164 0.862484 0.90734 0.933574 0.947686 0.953832 0.954634 0.951599 0.945167 0.934414 0.916437 0.885317 0.8305 0.735663 0.588485 0.426654 0.325543 0.286382 0.289852 0.33999 0.459575 0.629285 0.765797 0.84881 0.894905 0.919263 0.930889 0.934221 0.930351 0.917402 0.890148 0.838797 0.747786 0.603393 0.436221 0.326336 0.282082 0.282138 0.326921 0.437484 0.601432 0.736361 0.810727 0.832598 0.80711 0.728263 0.588833 0.426051 0.321249 0.2808 0.28408 0.332747 0.448425 0.616597 0.756618 0.843611 0.892371 0.917975 0.92966 0.932111 0.926574 0.911061 0.879721 0.821285 0.718248 0.560655 0.399904 0.309384 0.279792 0.291835 0.352354 0.482477 0.650453 0.778587 0.856181 0.900562 0.925977 0.940802 0.949391 0.953516 0.953243 0.947349 0.933364 0.907209 0.862416 0.789159 0.675148 0.518238 0.358035 0.247622 0.207594 0.32481 1 
1 0.324836 0.207612 0.247607 0.357931 0.518044 0.674977 0.78905 0.862318 0.907018 0.932933 0.946503 0.951844 0.951612 0.947487 0.940273 0.9296 0.913313 0.886631 0.841083 0.763944 0.643992 0.500182 0.393102 0.344873 0.347628 0.404909 0.526339 0.675671 0.789542 0.858971 0.897818 0.918263 0.92783 0.930351 0.926715 0.915071 0.890487 0.843961 0.761395 0.629121 0.468091 0.351564 0.300251 0.298364 0.346502 0.461802 0.622475 0.750005 0.819886 0.840832 0.817885 0.745814 0.616725 0.458195 0.347333 0.30258 0.308001 0.364679 0.486708 0.645863 0.771746 0.849368 0.89294 0.915834 0.926365 0.928842 0.924422 0.911313 0.884371 0.834081 0.746021 0.609889 0.458955 0.362252 0.328599 0.344957 0.415086 0.5445 0.68962 0.796058 0.861351 0.899701 0.922544 0.936733 0.945723 0.950691 0.951309 0.94615 0.932684 0.906848 0.862224 0.789035 0.675038 0.518144 0.357994 0.247621 0.207606 0.324824 1 
1 0.324831 0.207631 0.247686 0.358095 0.518174 0.674856 0.788555 0.861304 0.905228 0.92997 0.941839 0.944885 0.941887 0.934972 0.925778 0.915027 0.901721 0.882432 0.850976 0.798826 0.71847 0.615968 0.523954 0.474078 0.477159 0.535326 0.637135 0.743534 0.821946 0.870213 0.896912 0.910259 0.916022 0.917402 0.915071 0.907163 0.889144 0.853416 0.788839 0.683579 0.544584 0.423893 0.361211 0.357268 0.413759 0.534074 0.677443 0.78357 0.841497 0.859315 0.841103 0.783278 0.678834 0.540098 0.425022 0.37224 0.380177 0.447584 0.569201 0.701413 0.798853 0.858228 0.891068 0.9077 0.915029 0.916903 0.914417 0.906013 0.88744 0.85163 0.78904 0.692393 0.575616 0.484398 0.447325 0.465938 0.536595 0.642608 0.744942 0.81831 0.864428 0.892646 0.910889 0.924043 0.934211 0.941429 0.944496 0.941477 0.929656 0.904988 0.861159 0.788517 0.674926 0.518306 0.358183 0.247709 0.207624 0.324815 1 
1 0.324809 0.207655 0.247835 0.358435 0.518493 0.674707 0.787694 0.859474 0.901975 0.924569 0.933267 0.931906 0.923363 0.910526 0.89665 0.88451 0.874768 0.865031 0.850243 0.824198 0.782402 0.72739 0.673981 0.64249 0.646084 0.685363 0.746349 0.806132 0.849725 0.87526 0.886912 0.890253 0.890273 0.890148 0.890487 0.889144 0.881524 0.861093 0.819922 0.750385 0.653336 0.554235 0.491948 0.487615 0.544936 0.647662 0.752781 0.828189 0.870289 0.883746 0.870975 0.830375 0.758548 0.660421 0.566294 0.515209 0.522874 0.584604 0.677375 0.765231 0.827323 0.863802 0.881814 0.888764 0.890617 0.891188 0.891646 0.890371 0.883339 0.865005 0.829642 0.774201 0.705463 0.645653 0.617571 0.629447 0.675078 0.73652 0.79231 0.831851 0.856544 0.872327 0.884937 0.89778 0.91128 0.923512 0.931627 0.932803 0.924098 0.901596 0.859233 0.787612 0.674786 0.51867 0.358562 0.247872 0.207648 0.324789 1 
1 0.324775 0.207683 0.248032 0.358898 0.518931 0.674503 0.786488 0.856878 0.897278 0.916573 0.920153 0.911222 0.892431 0.867741 0.843588 0.826921 0.821062 0.823823 0.828933 0.829166 0.819823 0.80158 0.781466 0.769727 0.773821 0.79396 0.822509 0.848416 0.863976 0.867245 0.860712 0.849848 0.841037 0.838797 0.843961 0.853416 0.861093 0.859903 0.84371 0.808754 0.756622 0.699978 0.66155 0.660305 0.699397 0.762947 0.82589 0.872673 0.90008 0.909261 0.90117 0.875536 0.832089 0.774853 0.718601 0.685265 0.688055 0.723111 0.772897 0.817595 0.846556 0.858731 0.858064 0.85086 0.843879 0.84213 0.847205 0.856736 0.865256 0.866487 0.855884 0.832387 0.800359 0.770439 0.75425 0.756959 0.774875 0.79806 0.816326 0.825209 0.826985 0.827829 0.83406 0.84884 0.870386 0.893046 0.910757 0.919316 0.915749 0.896633 0.856467 0.786326 0.67458 0.519163 0.359075 0.248089 0.207678 0.32475 1 
1 0.324736 0.207714 0.248254 0.359419 0.519414 0.674225 0.785006 0.853658 0.891312 0.906059 0.902104 0.881097 0.84439 0.797102 0.752183 0.725315 0.724043 0.744889 0.777054 0.807905 0.828985 0.838972 0.841905 0.843718 0.84876 0.857484 0.866212 0.869148 0.861294 0.840533 0.809391 0.77646 0.753255 0.747786 0.761395 0.788839 0.819922 0.84371 0.853435 0.847532 0.829021 0.805993 0.790468 0.792674 0.814562 0.848449 0.88284 0.909823 0.926446 0.932273 0.927487 0.912324 0.887651 0.856672 0.826776 0.807841 0.805918 0.818645 0.836733 0.849592 0.850174 0.836274 0.810711 0.781702 0.760128 0.754368 0.76707 0.794126 0.825704 0.85109 0.864309 0.8649 0.856371 0.844677 0.835521 0.83123 0.829505 0.824821 0.811807 0.789275 0.762855 0.743444 0.741774 0.762727 0.801422 0.844634 0.87965 0.90034 0.904543 0.890208 0.852975 0.784713 0.674285 0.519703 0.359654 0.248335 0.207711 0.324706 1 
1 0.324698 0.207745 0.248475 0.359932 0.519872 0.673892 0.783392 0.850122 0.884586 0.893738 0.879824 0.841374 0.776176 0.690579 0.611641 0.569475 0.573579 0.61781 0.68675 0.757924 0.813427 0.849428 0.870356 0.882055 0.888581 0.890947 0.887048 0.872476 0.841886 0.791351 0.724034 0.657202 0.613093 0.603393 0.629121 0.683579 0.750385 0.808754 0.847532 0.866848 0.871876 0.869768 0.868181 0.872981 0.88585 0.904002 0.922629 0.937823 0.947548 0.951085 0.948352 0.93964 0.925834 0.908979 0.892621 0.880785 0.875447 0.87459 0.872547 0.862059 0.836407 0.791488 0.730258 0.667958 0.624711 0.613131 0.636801 0.690619 0.757742 0.816511 0.856237 0.877537 0.88516 0.884213 0.878314 0.868278 0.851618 0.8233 0.778288 0.717041 0.65243 0.605688 0.594162 0.62583 0.694184 0.773642 0.837305 0.876208 0.891052 0.882785 0.849048 0.782913 0.673912 0.520216 0.36023 0.248581 0.207745 0.324662 1 
1 0.324664 0.207771 0.248665 0.360376 0.520257 0.673559 0.781878 0.846772 0.87806 0.881345 0.856288 0.796777 0.695039 0.563086 0.455685 0.407411 0.413662 0.468439 0.567343 0.684216 0.780029 0.842991 0.880085 0.900031 0.908386 0.906974 0.894043 0.864434 0.809936 0.722408 0.608211 0.505761 0.44768 0.436221 0.468091 0.544584 0.653336 0.756622 0.829021 0.871876 0.894467 0.905611 0.912258 0.919059 0.927981 0.938565 0.949062 0.957707 0.963352 0.965453 0.963892 0.958869 0.950967 0.941268 0.931287 0.92234 0.914397 0.9051 0.889474 0.860179 0.808064 0.725174 0.617422 0.518694 0.459295 0.444599 0.474655 0.552216 0.662809 0.76553 0.836261 0.877416 0.897611 0.903614 0.898946 0.883579 0.853718 0.802042 0.72058 0.612683 0.509167 0.443328 0.426414 0.46386 0.559476 0.685112 0.787582 0.84966 0.876978 0.875339 0.845212 0.781171 0.673521 0.52065 0.360736 0.248799 0.207775 0.324624 1 
1 0.324638 0.207788 0.248802 0.360699 0.520538 0.67331 0.780742 0.844233 0.873031 0.871571 0.837144 0.759312 0.626694 0.466102 0.356801 0.314049 0.317144 0.361585 0.460615 0.607458 0.741398 0.829906 0.881097 0.907827 0.917961 0.91423 0.89475 0.852732 0.775947 0.651999 0.499659 0.387315 0.335695 0.326336 0.351564 0.423893 0.554235 0.699978 0.805993 0.869768 0.905611 0.925453 0.937152 0.945465 0.952793 0.959811 0.966199 0.971326 0.974665 0.975913 0.974983 0.971975 0.967177 0.961031 0.953977 0.946032 0.936116 0.921319 0.896143 0.851579 0.774422 0.652621 0.504821 0.394485 0.341488 0.330182 0.355429 0.431511 0.566939 0.711558 0.813066 0.872007 0.902005 0.912673 0.908258 0.88815 0.846687 0.772848 0.655112 0.508248 0.39246 0.333415 0.320738 0.354196 0.451362 0.605709 0.743034 0.826739 0.865259 0.869308 0.842164 0.779802 0.67321 0.520973 0.361116 0.248962 0.207796 0.324593 1 
1 0.324621 0.207793 0.24887 0.360872 0.520708 0.673223 0.780223 0.843047 0.870692 0.867059 0.828375 0.742376 0.597166 0.429118 0.323279 0.282396 0.280399 0.313027 0.40096 0.556755 0.714735 0.820642 0.881117 0.912163 0.923496 0.918547 0.895305 0.845803 0.755081 0.609155 0.441001 0.333661 0.290184 0.282082 0.300251 0.361211 0.491948 0.66155 0.790468 0.868181 0.912258 0.937152 0.951683 0.96092 0.967579 0.972881 0.977186 0.980448 0.982517 0.983272 0.982669 0.980734 0.977548 0.973172 0.967492 0.95989 0.948749 0.930738 0.89975 0.845216 0.750644 0.602368 0.436394 0.332497 0.290428 0.283075 0.303616 0.370707 0.509224 0.676871 0.798276 0.868561 0.90449 0.917779 0.913271 0.889915 0.840477 0.750809 0.60777 0.442268 0.333061 0.286789 0.280562 0.312277 0.40461 0.566059 0.719654 0.814635 0.85908 0.86613 0.84056 0.779094 0.673075 0.521179 0.361336 0.24905 0.207803 0.324572 1 
1 0.324612 0.207784 0.248865 0.360888 0.520769 0.673335 0.780422 0.84345 0.871566 0.868993 0.83265 0.751564 0.6144 0.450708 0.339835 0.291904 0.283801 0.311395 0.395955 0.552634 0.714537 0.823301 0.885337 0.917129 0.928635 0.923426 0.899661 0.849593 0.758548 0.61272 0.444503 0.336356 0.291734 0.282138 0.298364 0.357268 0.487615 0.660305 0.792674 0.872981 0.919059 0.945465 0.96092 0.970389 0.976611 0.981003 0.984212 0.986475 0.987848 0.988324 0.987888 0.986523 0.984188 0.980743 0.975806 0.968497 0.957021 0.937994 0.905326 0.848359 0.750208 0.597125 0.428577 0.326536 0.287094 0.28161 0.303119 0.370569 0.509499 0.678186 0.800791 0.872164 0.908969 0.922778 0.918251 0.894098 0.842687 0.749109 0.599887 0.430738 0.324861 0.28408 0.283404 0.32057 0.417081 0.577088 0.725612 0.817273 0.860171 0.866565 0.84074 0.779196 0.673172 0.521273 0.361385 0.249057 0.207795 0.32456 1 
1 0.324612 0.207763 0.248793 0.360763 0.520733 0.673626 0.781261 0.845256 0.875246 0.876457 0.847853 0.782116 0.6702 0.525995 0.408371 0.346723 0.331647 0.361126 0.451332 0.60136 0.744594 0.840116 0.895526 0.92439 0.934933 0.930201 0.908797 0.864621 0.786278 0.662069 0.50985 0.395743 0.340817 0.326921 0.346502 0.413759 0.544936 0.699397 0.814562 0.88585 0.927981 0.952793 0.967579 0.976611 0.982345 0.986143 0.988721 0.990427 0.991411 0.991728 0.991381 0.99033 0.988474 0.985583 0.981186 0.974363 0.963417 0.945326 0.914842 0.863045 0.776107 0.641594 0.484588 0.376743 0.330517 0.32471 0.353092 0.430714 0.568049 0.716056 0.821326 0.883812 0.916773 0.929308 0.925069 0.902818 0.856046 0.772217 0.63888 0.479954 0.370105 0.326127 0.329924 0.378892 0.485223 0.63269 0.757193 0.833004 0.867824 0.870299 0.842559 0.780046 0.673486 0.521268 0.361279 0.248991 0.207772 0.324557 1 
