1 1 1 1 1 1 1 1 1 1 1 1 1 1 1 1 1 1 1 1 1 1 1 1 1 1 1 1 1 1 1 1 1 1 1 1 1 1 1 1 1 1 1 1 1 1 1 1 1 1 1 1 1 1 1 1 1 1 1 1 1 1 1 1 1 1 1 1 1 1 1 1 1 1 1 1 1 1 1 1 1 1 1 1 1 1 1 1 1 1 1 1 1 1 1 1 1 1 1 1 
1 0.348427 0.266756 0.290931 0.317502 0.329871 0.331518 0.328878 0.325965 0.324151 0.323436 0.323412 0.323695 0.324036 0.32431 0.324476 0.324539 0.324525 0.324463 0.324381 0.324298 0.324229 0.32418 0.324154 0.324152 0.324173 0.324217 0.324283 0.324367 0.324464 0.324566 0.324664 0.32475 0.324817 0.324861 0.324883 0.324884 0.324869 0.324842 0.32481 0.324777 0.324747 0.324724 0.324708 0.324699 0.324698 0.324701 0.324708 0.324715 0.32472 0.324722 0.324721 0.324715 0.324708 0.324702 0.324698 0.3247 0.324708 0.324723 0.324746 0.324774 0.324805 0.324834 0.324856 0.324864 0.324854 0.324821 0.324763 0.324684 0.324587 0.324481 0.324374 0.324277 0.324197 0.324138 0.324103 0.324091 0.324102 0.324137 0.324194 0.324268 0.324347 0.324412 0.324436 0.324386 0.324236 0.323979 0.323654 0.323383 0.323417 0.32414 0.325958 0.328874 0.331516 0.32987 0.317502 0.290931 0.266756 0.348427 1 
1 0.266756 0.160633 0.173025 0.19754 0.212383 0.216958 0.215848 0.212985 0.21037 0.208606 0.207644 0.207239 0.207153 0.207214 0.207325 0.20744 0.207547 0.207646 0.207742 0.207835 0.207919 0.207985 0.208023 0.208025 0.207992 0.207931 0.207854 0.207774 0.207703 0.20765 0.207617 0.207601 0.2076 0.207609 0.207624 0.207643 0.207666 0.20769 0.207716 0.207741 0.207763 0.207777 0.207782 0.207775 0.207758 0.207734 0.207708 0.207685 0.207669 0.207664 0.207669 0.207685 0.207708 0.207734 0.207758 0.207775 0.207781 0.207776 0.207761 0.207739 0.207712 0.207684 0.207657 0.207633 0.207612 0.207597 0.20759 0.207597 0.207622 0.207669 0.207738 0.207823 0.207915 0.207997 0.208055 0.208076 0.208057 0.207999 0.207911 0.207806 0.207691 0.207572 0.207448 0.207319 0.207201 0.207136 0.207223 0.20763 0.208595 0.210362 0.21298 0.215845 0.216956 0.212382 0.197539 0.173025 0.160633 0.266756 1 
1 0.290931 0.173025 0.185054 0.217944 0.244395 0.258882 0.263442 0.262147 0.258507 0.254667 0.251591 0.249508 0.248308 0.247772 0.247694 0.247914 0.248323 0.248842 0.249407 0.249961 0.250446 0.250808 0.251008 0.251022 0.25085 0.250517 0.250064 0.249546 0.249021 0.248537 0.248132 0.247825 0.247622 0.247519 0.247506 0.247568 0.247691 0.247856 0.248042 0.248227 0.248389 0.248509 0.248572 0.248574 0.248521 0.248429 0.24832 0.248219 0.248147 0.248122 0.248147 0.248218 0.248319 0.248428 0.24852 0.248572 0.248569 0.248506 0.248387 0.248225 0.248042 0.24786 0.247703 0.247594 0.247553 0.247599 0.247745 0.248004 0.248377 0.248852 0.249399 0.249974 0.250517 0.250964 0.251261 0.251369 0.251271 0.250977 0.250521 0.249953 0.249337 0.248743 0.248248 0.247942 0.247946 0.248421 0.249577 0.25163 0.254687 0.258516 0.26215 0.263443 0.258882 0.244395 0.217944 0.185053 0.173025 0.290931 1 
1 0.317502 0.19754 0.217944 0.26872 0.317754 0.35329 0.372943 0.379733 0.378584 0.373908 0.368636 0.364257 0.361268 0.35963 0.359092 0.35936 0.360168 0.361289 0.362532 0.363734 0.364759 0.365505 0.365906 0.365934 0.365589 0.364904 0.363943 0.3628 0.361588 0.360421 0.359397 0.358582 0.358011 0.35769 0.357603 0.357717 0.357991 0.358375 0.358813 0.359249 0.359631 0.359916 0.360077 0.360107 0.360018 0.359842 0.359625 0.35942 0.359275 0.359222 0.359274 0.359419 0.359623 0.359839 0.360014 0.360102 0.360073 0.359913 0.35963 0.359254 0.358828 0.358408 0.358054 0.357826 0.357779 0.357958 0.358395 0.359104 0.360067 0.361234 0.362518 0.363801 0.364959 0.365877 0.366468 0.366679 0.36649 0.365911 0.364988 0.363807 0.362503 0.361253 0.360272 0.359812 0.360166 0.361644 0.364506 0.368791 0.373998 0.378633 0.379758 0.372956 0.353297 0.317757 0.268721 0.217944 0.197539 0.317502 1 
1 0.329871 0.212383 0.244395 0.317754 0.396325 0.460499 0.502859 0.525418 0.53396 0.534348 0.53107 0.526975 0.523542 0.521314 0.5203 0.520259 0.52087 0.521819 0.522838 0.523732 0.524395 0.524805 0.524995 0.525003 0.524838 0.524471 0.523866 0.52302 0.521989 0.520874 0.519801 0.518878 0.518185 0.517757 0.517594 0.517663 0.517913 0.518278 0.518691 0.519093 0.519436 0.519694 0.519855 0.519921 0.519901 0.519815 0.519689 0.51956 0.519464 0.519428 0.519463 0.519558 0.519687 0.519811 0.519897 0.519917 0.519852 0.519693 0.519441 0.519107 0.518723 0.518338 0.518018 0.517834 0.517854 0.518131 0.518692 0.519525 0.520574 0.521736 0.522881 0.523877 0.524633 0.525126 0.525389 0.525477 0.52541 0.525162 0.524677 0.523932 0.52299 0.522026 0.521311 0.521189 0.522012 0.524053 0.527324 0.531292 0.53448 0.534034 0.525458 0.502882 0.460513 0.396333 0.317757 0.244396 0.212383 0.32987 1 
1 0.331518 0.216958 0.258882 0.35329 0.460499 0.55109 0.613557 0.650932 0.670495 0.678942 0.681248 0.6807 0.679232 0.677805 0.676751 0.676049 0.675509 0.674905 0.674066 0.672949 0.671677 0.670519 0.669794 0.669727 0.670341 0.671442 0.672717 0.67386 0.674686 0.675147 0.675301 0.675254 0.675109 0.674944 0.674796 0.674665 0.674532 0.674367 0.674153 0.673897 0.67364 0.673444 0.673371 0.673453 0.673677 0.67399 0.674321 0.674603 0.674789 0.674854 0.674789 0.674602 0.67432 0.673989 0.673677 0.673454 0.673374 0.673449 0.673649 0.673912 0.674178 0.674409 0.674597 0.674762 0.674928 0.675109 0.675288 0.675409 0.675372 0.675052 0.674344 0.673218 0.67179 0.670339 0.669242 0.66883 0.669235 0.670329 0.671789 0.673251 0.674471 0.675397 0.676154 0.676964 0.678042 0.679441 0.680859 0.681355 0.679008 0.670533 0.650955 0.613573 0.551104 0.460511 0.353297 0.258884 0.216958 0.331517 1 
1 0.328878 0.215848 0.263442 0.372943 0.502859 0.613557 0.690259 0.737916 0.765452 0.780223 0.787379 0.790277 0.790956 0.790531 0.7895 0.787979 0.785881 0.783064 0.779472 0.775268 0.770931 0.767229 0.764995 0.7648 0.766696 0.770193 0.774475 0.778731 0.7824 0.785234 0.787223 0.788485 0.789173 0.789419 0.789309 0.788888 0.788173 0.787184 0.785972 0.78465 0.7834 0.782443 0.781974 0.782084 0.78272 0.783702 0.784787 0.785741 0.786385 0.786611 0.786385 0.785742 0.784789 0.783705 0.782726 0.782093 0.781985 0.782456 0.783413 0.784661 0.785978 0.787183 0.788159 0.788848 0.78922 0.789239 0.788836 0.787892 0.786245 0.783724 0.780229 0.775848 0.770985 0.766404 0.76308 0.761845 0.763033 0.766326 0.770899 0.775788 0.780245 0.783893 0.786672 0.788691 0.790054 0.790684 0.790124 0.787291 0.780171 0.765423 0.737902 0.690258 0.613566 0.502873 0.372953 0.263445 0.215847 0.328876 1 
1 0.325965 0.212985 0.262147 0.379733 0.525418 0.650932 0.737916 0.792748 0.82571 0.844745 0.855186 0.860438 0.862567 0.862726 0.861443 0.858839 0.85479 0.849103 0.841719 0.832978 0.823857 0.815991 0.811215 0.810793 0.814843 0.822279 0.831312 0.840217 0.847872 0.853825 0.858088 0.86089 0.862509 0.863179 0.863053 0.862216 0.860707 0.858571 0.855925 0.853011 0.850228 0.848073 0.846994 0.847202 0.848574 0.850697 0.85303 0.855068 0.856434 0.856913 0.856435 0.855069 0.853035 0.850705 0.848588 0.847222 0.847018 0.848098 0.850248 0.853019 0.855913 0.858527 0.86061 0.862036 0.862735 0.862639 0.861622 0.859475 0.855909 0.850609 0.843364 0.834297 0.824164 0.814523 0.807472 0.804848 0.807384 0.814371 0.823982 0.834119 0.84322 0.850532 0.855911 0.85951 0.861487 0.86179 0.859958 0.854892 0.844566 0.825605 0.792692 0.737894 0.650935 0.525436 0.379748 0.262152 0.212985 0.325963 1 
1 0.324151 0.21037 0.258507 0.378584 0.53396 0.670495 0.765452 0.82571 0.862564 0.884501 0.897084 0.903797 0.906724 0.906999 0.905081 0.900955 0.894276 0.884559 0.871486 0.855417 0.838031 0.822607 0.813088 0.812226 0.820279 0.834894 0.852222 0.868742 0.882457 0.892807 0.900048 0.904734 0.907416 0.908506 0.908257 0.906778 0.904091 0.90022 0.895311 0.889769 0.88435 0.880084 0.87795 0.878423 0.881234 0.885496 0.890089 0.894027 0.896632 0.897538 0.896632 0.894029 0.890095 0.88551 0.881258 0.878459 0.877995 0.880131 0.884388 0.889785 0.89529 0.900141 0.903922 0.906467 0.907719 0.907608 0.905953 0.902411 0.896454 0.887432 0.874761 0.858359 0.839337 0.82065 0.806711 0.801494 0.806586 0.820441 0.839084 0.858081 0.874471 0.887131 0.896109 0.901897 0.904954 0.905434 0.902992 0.896587 0.884198 0.862384 0.825612 0.765411 0.670494 0.533984 0.378606 0.258514 0.210369 0.324148 1 
1 0.323436 0.208606 0.254667 0.373908 0.534348 0.678942 0.780223 0.844745 0.884501 0.908462 0.922428 0.929983 0.933223 0.933217 0.930274 0.924084 0.913825 0.898321 0.876447 0.84807 0.815726 0.785965 0.767289 0.765557 0.781301 0.809568 0.842073 0.87159 0.89483 0.911543 0.922782 0.929827 0.933742 0.935242 0.934705 0.932235 0.927754 0.921151 0.912499 0.902365 0.892105 0.883833 0.879709 0.880818 0.886559 0.894999 0.903834 0.911207 0.915986 0.917629 0.915985 0.911207 0.903839 0.895017 0.886596 0.88088 0.879791 0.883923 0.892182 0.902408 0.912485 0.921052 0.927526 0.931807 0.93396 0.933988 0.931678 0.92649 0.917495 0.903378 0.882657 0.854393 0.819765 0.784219 0.75714 0.746986 0.757013 0.784036 0.819552 0.854113 0.88229 0.902922 0.916921 0.925677 0.930314 0.931409 0.928858 0.921735 0.908039 0.88425 0.844607 0.780165 0.678942 0.534384 0.37394 0.254678 0.208605 0.323431 1 
1 0.323412 0.207644 0.251591 0.368636 0.53107 0.681248 0.787379 0.855186 0.897084 0.922428 0.937237 0.945188 0.948382 0.947795 0.943501 0.934736 0.919867 0.8964 0.86133 0.812689 0.753733 0.697872 0.662926 0.659641 0.688885 0.741874 0.801637 0.852978 0.8908 0.916416 0.932815 0.942698 0.947988 0.949846 0.948799 0.944869 0.93772 0.92686 0.912003 0.893721 0.874306 0.858129 0.850074 0.852645 0.864441 0.881155 0.89799 0.911537 0.920077 0.922969 0.920072 0.91153 0.897988 0.881172 0.864494 0.852747 0.850223 0.8583 0.874461 0.893822 0.912021 0.926761 0.937454 0.944349 0.947874 0.948261 0.945325 0.938285 0.925598 0.904805 0.872588 0.825691 0.764302 0.698652 0.648731 0.63039 0.648734 0.698775 0.76447 0.825666 0.872293 0.904286 0.924903 0.937381 0.944015 0.946056 0.943759 0.93636 0.921894 0.896766 0.855011 0.787307 0.681254 0.531123 0.36868 0.251605 0.207643 0.323405 1 
1 0.323695 0.207239 0.249508 0.364257 0.526975 0.6807 0.790277 0.860438 0.903797 0.929983 0.945188 0.953176 0.956051 0.954688 0.948884 0.937282 0.917107 0.883768 0.830754 0.751867 0.65151 0.558859 0.505143 0.50017 0.544194 0.630624 0.732561 0.817135 0.875309 0.912224 0.934646 0.947605 0.954271 0.956371 0.954557 0.948636 0.937738 0.920521 0.895665 0.863086 0.8263 0.794408 0.778555 0.784355 0.808521 0.84147 0.87316 0.897497 0.912293 0.917206 0.912278 0.897471 0.873136 0.841471 0.808585 0.784517 0.778817 0.794728 0.826601 0.863298 0.89575 0.92045 0.937461 0.948058 0.953499 0.954519 0.951089 0.942191 0.925495 0.896869 0.849905 0.776721 0.675132 0.567244 0.492177 0.46694 0.492675 0.568411 0.676542 0.777509 0.84993 0.896367 0.924719 0.941299 0.950105 0.953271 0.95148 0.944149 0.929347 0.903416 0.860229 0.790195 0.680716 0.52705 0.364317 0.249527 0.207237 0.323686 1 
1 0.324036 0.207153 0.248308 0.361268 0.523542 0.679232 0.790956 0.862567 0.906724 0.933223 0.948382 0.956051 0.958366 0.956144 0.948933 0.934769 0.909587 0.866204 0.793347 0.679176 0.535248 0.420352 0.36484 0.359831 0.403416 0.505886 0.649534 0.773265 0.854612 0.90338 0.931614 0.947317 0.955094 0.957248 0.954457 0.94611 0.930409 0.90442 0.864461 0.808068 0.739962 0.679305 0.649805 0.661691 0.708309 0.770786 0.828553 0.870658 0.89518 0.903136 0.895148 0.870596 0.828475 0.770731 0.708352 0.661908 0.650216 0.679851 0.740501 0.80846 0.864657 0.904409 0.930158 0.945524 0.953344 0.955251 0.951586 0.941203 0.920985 0.884911 0.822728 0.720549 0.576297 0.439065 0.361239 0.338797 0.36267 0.442272 0.580338 0.72299 0.823333 0.884401 0.92001 0.940235 0.950973 0.955255 0.954152 0.947209 0.932495 0.906283 0.862324 0.790864 0.679262 0.523646 0.361347 0.248332 0.20715 0.324024 1 
1 0.32431 0.207214 0.247772 0.35963 0.521314 0.677805 0.790531 0.862726 0.906999 0.933217 0.947795 0.954688 0.956144 0.953039 0.944825 0.929119 0.900828 0.850625 0.763285 0.623553 0.456394 0.342594 0.294878 0.290369 0.326055 0.423175 0.585694 0.737908 0.83688 0.894127 0.926128 0.943399 0.951696 0.953697 0.949928 0.939115 0.918122 0.881564 0.821622 0.730926 0.617121 0.520613 0.477924 0.495614 0.566744 0.669209 0.765792 0.833791 0.871793 0.88383 0.871733 0.833666 0.765609 0.669023 0.566683 0.495781 0.478358 0.521311 0.617926 0.731553 0.821964 0.881642 0.917933 0.938584 0.948866 0.951737 0.948172 0.937133 0.915025 0.87445 0.80223 0.680289 0.510926 0.368478 0.299307 0.281611 0.3019 0.374195 0.518391 0.684782 0.803304 0.873581 0.913426 0.935689 0.947635 0.952879 0.952666 0.946516 0.932402 0.906491 0.862441 0.790425 0.67785 0.521453 0.359734 0.247805 0.20721 0.324295 1 
1 0.324476 0.207325 0.247694 0.359092 0.5203 0.676751 0.7895 0.861443 0.905081 0.930274 0.943501 0.948884 0.948933 0.944825 0.936219 0.920688 0.892767 0.842385 0.753211 0.609342 0.439361 0.327318 0.281338 0.276479 0.309618 0.403748 0.568517 0.726678 0.829077 0.887331 0.919203 0.936046 0.944009 0.945775 0.941471 0.928959 0.903545 0.857019 0.776681 0.650566 0.498721 0.38996 0.348533 0.363819 0.434896 0.559744 0.695533 0.793344 0.846795 0.863416 0.846698 0.793133 0.695199 0.559378 0.43469 0.363832 0.348778 0.390511 0.499578 0.651369 0.77716 0.857194 0.903452 0.928553 0.940589 0.944076 0.94086 0.930329 0.908958 0.869129 0.79721 0.674592 0.504007 0.361967 0.294022 0.277279 0.298077 0.370372 0.514136 0.680014 0.797732 0.866934 0.905787 0.927518 0.939621 0.945707 0.946805 0.942121 0.92935 0.904483 0.861096 0.789368 0.676809 0.520479 0.359229 0.247738 0.207321 0.324457 1 
1 0.324539 0.20744 0.247914 0.35936 0.520259 0.676049 0.787979 0.858839 0.900955 0.924084 0.934736 0.937282 0.934769 0.929119 0.920688 0.907471 0.884253 0.841661 0.765302 0.640648 0.48501 0.369312 0.316468 0.310224 0.348285 0.448032 0.60386 0.743411 0.832473 0.882718 0.909651 0.923576 0.930273 0.932063 0.928415 0.916171 0.889199 0.837108 0.743952 0.596906 0.431825 0.328557 0.291488 0.300622 0.357893 0.479203 0.637594 0.759679 0.826412 0.846967 0.826278 0.75938 0.637116 0.478714 0.357619 0.300549 0.291596 0.328927 0.432558 0.597739 0.744498 0.837363 0.889224 0.915961 0.927856 0.930875 0.927911 0.919094 0.901472 0.868294 0.807944 0.704886 0.557066 0.418775 0.343233 0.32331 0.348825 0.429018 0.566892 0.70838 0.805839 0.862985 0.894994 0.913269 0.924515 0.931724 0.935147 0.933198 0.922987 0.90021 0.85839 0.787796 0.67611 0.52048 0.359536 0.247973 0.207437 0.324516 1 
1 0.324525 0.207547 0.248323 0.360168 0.52087 0.675509 0.785881 0.85479 0.894276 0.913825 0.919867 0.917107 0.909587 0.900828 0.892767 0.884253 0.870346 0.842601 0.789876 0.701555 0.582948 0.475825 0.416428 0.40883 0.453343 0.551658 0.676417 0.777791 0.841372 0.876167 0.893415 0.901669 0.906239 0.908972 0.908331 0.899833 0.876145 0.826021 0.733056 0.585062 0.420584 0.318322 0.279259 0.282285 0.329708 0.443619 0.609238 0.743125 0.816672 0.839244 0.816512 0.742766 0.608667 0.443068 0.329411 0.282189 0.279322 0.318611 0.421208 0.58582 0.733585 0.826316 0.876295 0.899884 0.908247 0.908567 0.905082 0.898996 0.888074 0.866587 0.825677 0.75491 0.650683 0.538366 0.462335 0.439174 0.467951 0.546516 0.655494 0.753148 0.818249 0.855409 0.87535 0.887297 0.8971 0.906716 0.914771 0.917998 0.912407 0.893278 0.854171 0.785608 0.675554 0.521132 0.360388 0.248402 0.207546 0.324498 1 
1 0.324463 0.207646 0.248842 0.361289 0.521819 0.674905 0.783064 0.849103 0.884559 0.898321 0.8964 0.883768 0.866204 0.850625 0.842385 0.841661 0.842601 0.835792 0.811809 0.764284 0.695565 0.624923 0.578918 0.572977 0.609672 0.678634 0.754342 0.812324 0.846179 0.860492 0.863113 0.862201 0.863793 0.869548 0.8762 0.876936 0.862992 0.823474 0.744036 0.612986 0.456687 0.346515 0.297707 0.295065 0.341036 0.455558 0.619267 0.749695 0.821058 0.84295 0.820893 0.749324 0.61867 0.454964 0.340709 0.29496 0.297775 0.346801 0.457247 0.613606 0.744469 0.823755 0.863243 0.877287 0.876749 0.870253 0.864326 0.861881 0.861016 0.855683 0.838068 0.801455 0.744357 0.678138 0.626704 0.608745 0.629038 0.679837 0.74158 0.792208 0.822285 0.834507 0.837098 0.839398 0.847863 0.863223 0.880802 0.893818 0.89631 0.883136 0.848211 0.782643 0.674905 0.522112 0.361557 0.248943 0.20765 0.324433 1 
1 0.324381 0.207742 0.249407 0.362532 0.522838 0.674066 0.779472 0.841719 0.871486 0.876447 0.86133 0.830754 0.793347 0.763285 0.753211 0.765302 0.789876 0.811809 0.81941 0.808321 0.781453 0.74938 0.726739 0.724336 0.744105 0.778145 0.812132 0.833689 0.837988 0.826808 0.807527 0.791622 0.788998 0.801906 0.823615 0.842248 0.846128 0.825338 0.769616 0.66984 0.536746 0.421309 0.359111 0.351511 0.402562 0.520424 0.667878 0.778538 0.838882 0.857512 0.838735 0.778208 0.667335 0.519815 0.402176 0.351378 0.359191 0.421604 0.537206 0.670254 0.769878 0.82552 0.846397 0.842865 0.82492 0.804121 0.79189 0.794386 0.809083 0.826344 0.835421 0.829994 0.809871 0.781683 0.75743 0.747803 0.756198 0.777344 0.799767 0.811777 0.807506 0.788898 0.765978 0.753301 0.761322 0.789444 0.826209 0.857316 0.873401 0.869392 0.840424 0.778834 0.673985 0.523147 0.362846 0.249533 0.207751 0.324348 1 
1 0.324298 0.207835 0.249961 0.363734 0.523732 0.672949 0.775268 0.832978 0.855417 0.84807 0.812689 0.751867 0.679176 0.623553 0.609342 0.640648 0.701555 0.764284 0.808321 0.829523 0.832845 0.826853 0.820698 0.820812 0.828424 0.839128 0.844868 0.837441 0.811328 0.76633 0.712861 0.672487 0.66377 0.690347 0.739649 0.789503 0.821322 0.826127 0.79939 0.737956 0.646433 0.550853 0.487702 0.478425 0.530269 0.63231 0.741654 0.821064 0.865307 0.879226 0.865192 0.820811 0.741241 0.631796 0.529859 0.478243 0.487745 0.551062 0.646682 0.738105 0.7994 0.826068 0.821388 0.790131 0.741584 0.694264 0.669556 0.679075 0.718627 0.76998 0.812768 0.837684 0.845644 0.842544 0.835966 0.831957 0.832313 0.833687 0.828765 0.808997 0.768221 0.708424 0.647531 0.612783 0.621688 0.672744 0.744011 0.806099 0.843391 0.852369 0.831149 0.774351 0.672754 0.524039 0.364085 0.25011 0.20785 0.324265 1 
1 0.324229 0.207919 0.250446 0.364759 0.524395 0.671677 0.770931 0.823857 0.838031 0.815726 0.753733 0.65151 0.535248 0.456394 0.439361 0.48501 0.582948 0.695565 0.781453 0.832845 0.858664 0.869312 0.872967 0.874539 0.875041 0.871547 0.857895 0.825781 0.766434 0.677 0.577527 0.508671 0.493976 0.535659 0.621008 0.716286 0.786825 0.822157 0.824595 0.798416 0.750271 0.694847 0.654777 0.649825 0.685986 0.749909 0.815537 0.864848 0.893668 0.902992 0.893587 0.864677 0.815269 0.749572 0.685678 0.649641 0.654733 0.694879 0.750271 0.798283 0.824272 0.821642 0.786257 0.716191 0.622561 0.539856 0.500766 0.517413 0.586722 0.684292 0.770839 0.828213 0.859706 0.873842 0.878167 0.877477 0.872913 0.861574 0.836698 0.78846 0.70724 0.5972 0.495963 0.443712 0.453253 0.524964 0.638476 0.743338 0.808874 0.83383 0.821428 0.769712 0.671352 0.524682 0.365136 0.250613 0.207941 0.324196 1 
1 0.32418 0.207985 0.250808 0.365505 0.524805 0.670519 0.767229 0.815991 0.822607 0.785965 0.697872 0.558859 0.420352 0.342594 0.327318 0.369312 0.475825 0.624923 0.74938 0.826853 0.869312 0.89061 0.899996 0.902356 0.898719 0.886433 0.859084 0.806107 0.71393 0.579768 0.447466 0.371498 0.356374 0.397475 0.498074 0.634664 0.747622 0.81416 0.842024 0.842332 0.824921 0.80082 0.783048 0.782675 0.802969 0.837052 0.872818 0.90124 0.918718 0.924531 0.918665 0.901131 0.872655 0.836852 0.802773 0.782524 0.782943 0.800711 0.824723 0.841936 0.841303 0.812962 0.745854 0.632713 0.497433 0.399048 0.360033 0.377435 0.455855 0.588574 0.720068 0.809663 0.861156 0.887695 0.899017 0.90037 0.892818 0.873209 0.833685 0.761256 0.642662 0.493177 0.378993 0.329615 0.338151 0.408083 0.541341 0.683632 0.77698 0.817347 0.813042 0.765755 0.670081 0.525064 0.365894 0.250988 0.208011 0.324147 1 
1 0.324154 0.208023 0.251008 0.365906 0.524995 0.669794 0.764995 0.811215 0.813088 0.767289 0.662926 0.505143 0.36484 0.294878 0.281338 0.316468 0.416428 0.578918 0.726739 0.820698 0.872967 0.899996 0.912229 0.91487 0.90899 0.891808 0.856143 0.789177 0.673939 0.512699 0.373587 0.30452 0.290569 0.323209 0.416822 0.571384 0.716138 0.807259 0.853548 0.870957 0.871589 0.86507 0.859801 0.861967 0.873542 0.891739 0.911245 0.927467 0.937854 0.941386 0.937819 0.927396 0.911142 0.891614 0.873411 0.86184 0.859665 0.864877 0.871253 0.870343 0.852437 0.80531 0.712937 0.567221 0.413947 0.32246 0.2915 0.307309 0.37914 0.520578 0.680337 0.793029 0.858173 0.892439 0.907832 0.91042 0.901413 0.877363 0.829314 0.741797 0.600289 0.434104 0.324389 0.282282 0.290157 0.352764 0.486202 0.646735 0.75717 0.807285 0.808011 0.7634 0.669298 0.525231 0.366294 0.25119 0.20805 0.324123 1 
1 0.324152 0.208025 0.251022 0.365934 0.525003 0.669727 0.7648 0.810793 0.812226 0.765557 0.659641 0.50017 0.359831 0.290369 0.276479 0.310224 0.40883 0.572977 0.724336 0.820812 0.874539 0.902356 0.91487 0.917314 0.910739 0.892281 0.854485 0.783872 0.662699 0.495468 0.356428 0.289112 0.273868 0.301376 0.389078 0.547497 0.705342 0.807646 0.862754 0.888595 0.898039 0.899885 0.900448 0.90381 0.911441 0.9223 0.933922 0.94384 0.95036 0.95261 0.950333 0.943787 0.933848 0.922209 0.91134 0.903696 0.900301 0.899654 0.897629 0.887845 0.86138 0.805166 0.701112 0.541808 0.384871 0.299482 0.273567 0.290355 0.360093 0.501759 0.668327 0.787429 0.856397 0.892799 0.909369 0.912502 0.903531 0.87904 0.829987 0.740624 0.596282 0.428191 0.319231 0.278281 0.286646 0.349105 0.482622 0.644354 0.75593 0.806682 0.807722 0.763267 0.66925 0.525231 0.366307 0.251197 0.208052 0.324122 1 
1 0.324173 0.207992 0.25085 0.365589 0.524838 0.670341 0.766696 0.814843 0.820279 0.781301 0.688885 0.544194 0.403416 0.326055 0.309618 0.348285 0.453343 0.609672 0.744105 0.828424 0.875041 0.898719 0.90899 0.910739 0.904947 0.888831 0.855383 0.79238 0.683721 0.529454 0.389485 0.314464 0.294689 0.322799 0.414174 0.571267 0.7215 0.818522 0.871908 0.898434 0.909964 0.914357 0.916887 0.920734 0.92706 0.935316 0.943984 0.951412 0.956343 0.958054 0.956318 0.951363 0.943915 0.935233 0.926967 0.920628 0.916745 0.914126 0.909548 0.897663 0.870488 0.815949 0.717079 0.565116 0.409204 0.320304 0.293983 0.315306 0.392434 0.534383 0.688102 0.795322 0.857253 0.889834 0.904615 0.907592 0.900119 0.879162 0.836752 0.759305 0.632947 0.476495 0.362294 0.315527 0.325522 0.395728 0.530732 0.677136 0.773661 0.815726 0.812257 0.765393 0.669952 0.52507 0.365938 0.251011 0.208015 0.324144 1 
1 0.324217 0.207931 0.250517 0.364904 0.524471 0.671442 0.770193 0.822279 0.834894 0.809568 0.741874 0.630624 0.505886 0.423175 0.403748 0.448032 0.551658 0.678634 0.778145 0.839128 0.871547 0.886433 0.891808 0.892281 0.888831 0.878706 0.855514 0.809298 0.727736 0.60653 0.478328 0.394737 0.369207 0.401719 0.498572 0.639145 0.760441 0.837747 0.880401 0.901115 0.909385 0.912045 0.913949 0.91797 0.924905 0.933858 0.943095 0.950901 0.956035 0.957807 0.956002 0.950838 0.943008 0.933756 0.9248 0.917865 0.913828 0.911857 0.909034 0.900443 0.879153 0.835516 0.756671 0.633718 0.493412 0.398742 0.368297 0.395562 0.480847 0.609945 0.73059 0.81145 0.857478 0.880862 0.89093 0.893004 0.888432 0.874604 0.845016 0.789609 0.698026 0.576114 0.468789 0.41697 0.428721 0.503726 0.62344 0.734874 0.804556 0.831675 0.820362 0.769214 0.671182 0.524711 0.365218 0.250656 0.207948 0.324189 1 
1 0.324283 0.207854 0.250064 0.363943 0.523866 0.672717 0.774475 0.831312 0.852222 0.842073 0.801637 0.732561 0.649534 0.585694 0.568517 0.60386 0.676417 0.754342 0.812132 0.844868 0.857895 0.859084 0.856143 0.854485 0.855383 0.855514 0.848041 0.824445 0.776544 0.701148 0.611993 0.542029 0.517988 0.549566 0.630072 0.728374 0.808043 0.858573 0.884937 0.894638 0.894632 0.891325 0.890172 0.894448 0.904383 0.9177 0.931224 0.942345 0.94949 0.951922 0.949438 0.942245 0.931083 0.917538 0.90423 0.894329 0.890086 0.891224 0.894417 0.894163 0.884008 0.85692 0.805346 0.724523 0.625904 0.546579 0.516767 0.542337 0.613247 0.702534 0.777596 0.825543 0.850094 0.859502 0.861632 0.861888 0.861823 0.85872 0.846466 0.817497 0.765838 0.694025 0.62341 0.584729 0.595312 0.652017 0.730504 0.798428 0.839291 0.850222 0.830043 0.773821 0.672584 0.524107 0.364215 0.250178 0.207865 0.324256 1 
1 0.324367 0.207774 0.249546 0.3628 0.52302 0.67386 0.778731 0.840217 0.868742 0.87159 0.852978 0.817135 0.773265 0.737908 0.726678 0.743411 0.777791 0.812324 0.833689 0.837441 0.825781 0.806107 0.789177 0.783872 0.79238 0.809298 0.824445 0.827749 0.813035 0.77973 0.735757 0.698461 0.686005 0.706574 0.75315 0.806498 0.848861 0.873554 0.881108 0.87491 0.86033 0.845047 0.837432 0.842625 0.859849 0.883457 0.906754 0.925167 0.936612 0.940436 0.936523 0.924991 0.9065 0.883158 0.859573 0.842451 0.837394 0.845093 0.860335 0.874717 0.880559 0.872494 0.847149 0.80412 0.750463 0.704276 0.684524 0.697657 0.735137 0.778826 0.811838 0.827049 0.82599 0.815503 0.804905 0.801915 0.808947 0.821857 0.832017 0.830983 0.814546 0.785111 0.753764 0.736668 0.74471 0.776047 0.817068 0.851735 0.870191 0.867599 0.839444 0.778338 0.673828 0.52325 0.363025 0.249634 0.207778 0.324342 1 
1 0.324464 0.207703 0.249021 0.361588 0.521989 0.674686 0.7824 0.847872 0.882457 0.89483 0.8908 0.875309 0.854612 0.83688 0.829077 0.832473 0.841372 0.846179 0.837988 0.811328 0.766434 0.71393 0.673939 0.662699 0.683721 0.727736 0.776544 0.813035 0.830149 0.829439 0.817816 0.805648 0.802951 0.814343 0.836412 0.859948 0.875765 0.878323 0.865234 0.83673 0.797598 0.760093 0.7403 0.74796 0.780443 0.82491 0.867022 0.898636 0.91749 0.92365 0.91734 0.898327 0.866551 0.824327 0.779895 0.747642 0.740316 0.760381 0.797951 0.836915 0.865095 0.877773 0.874759 0.858507 0.834681 0.812555 0.801198 0.803725 0.815294 0.82592 0.825655 0.808653 0.775384 0.735085 0.703807 0.695282 0.713801 0.752025 0.793824 0.824456 0.838759 0.839559 0.834433 0.832458 0.839716 0.856013 0.875444 0.890261 0.894102 0.881808 0.847417 0.782184 0.674717 0.522196 0.361767 0.249085 0.207703 0.324441 1 
1 0.324566 0.20765 0.248537 0.360421 0.520874 0.675147 0.785234 0.853825 0.892807 0.911543 0.916416 0.912224 0.90338 0.894127 0.887331 0.882718 0.876167 0.860492 0.826808 0.76633 0.677 0.579768 0.512699 0.495468 0.529454 0.60653 0.701148 0.77973 0.829439 0.854695 0.864414 0.867421 0.87057 0.877043 0.885582 0.891545 0.889055 0.872366 0.836044 0.776377 0.698243 0.625073 0.587031 0.59891 0.656124 0.736212 0.810239 0.863003 0.893061 0.90264 0.892819 0.862482 0.809399 0.735114 0.655083 0.598321 0.587082 0.625697 0.699119 0.777078 0.836354 0.872247 0.888523 0.890626 0.884309 0.87541 0.86843 0.864387 0.859857 0.847849 0.819751 0.767948 0.691911 0.609543 0.551141 0.535868 0.568612 0.641604 0.728243 0.79821 0.842531 0.866448 0.878414 0.885982 0.893926 0.903309 0.911946 0.915967 0.911056 0.89239 0.853542 0.785117 0.675208 0.521056 0.360562 0.248582 0.207646 0.324545 1 
1 0.324664 0.207617 0.248132 0.359397 0.519801 0.675301 0.787223 0.858088 0.900048 0.922782 0.932815 0.934646 0.931614 0.926128 0.919203 0.909651 0.893415 0.863113 0.807527 0.712861 0.577527 0.447466 0.373587 0.356428 0.389485 0.478328 0.611993 0.735757 0.817816 0.864414 0.888686 0.900847 0.907424 0.911435 0.912621 0.907987 0.892406 0.858668 0.7972 0.699165 0.574086 0.469123 0.421142 0.434642 0.50781 0.624964 0.74054 0.821493 0.865962 0.879819 0.865605 0.820695 0.739191 0.623199 0.50629 0.433848 0.421146 0.469943 0.575521 0.700504 0.798001 0.858926 0.892201 0.90736 0.911544 0.909766 0.904829 0.896692 0.881918 0.853457 0.800694 0.711637 0.587158 0.468217 0.398235 0.382181 0.418809 0.513431 0.645808 0.759881 0.833881 0.87669 0.900618 0.914578 0.923804 0.93036 0.933845 0.932219 0.922316 0.899705 0.857876 0.787152 0.675373 0.519961 0.359511 0.248164 0.20761 0.324645 1 
1 0.32475 0.207601 0.247825 0.358582 0.518878 0.675254 0.788485 0.86089 0.904734 0.929827 0.942698 0.947605 0.947317 0.943399 0.936046 0.923576 0.901669 0.862201 0.791622 0.672487 0.508671 0.371498 0.30452 0.289112 0.314464 0.394737 0.542029 0.698461 0.805648 0.867421 0.900847 0.918216 0.926617 0.929278 0.926349 0.915259 0.890577 0.843163 0.759328 0.627379 0.472464 0.365007 0.322777 0.333219 0.398421 0.525124 0.673249 0.781886 0.840924 0.859076 0.840456 0.780818 0.671434 0.522947 0.396861 0.332472 0.322728 0.365762 0.47417 0.629307 0.760603 0.843744 0.89061 0.914814 0.925369 0.927538 0.923633 0.913091 0.892019 0.85227 0.780234 0.659773 0.50011 0.372353 0.310903 0.299122 0.331029 0.423232 0.578063 0.725888 0.82312 0.879468 0.911223 0.92927 0.939685 0.945226 0.946355 0.941895 0.929289 0.90438 0.860689 0.788428 0.675329 0.51903 0.358684 0.247851 0.207593 0.324732 1 
1 0.324817 0.2076 0.247622 0.358011 0.518185 0.675109 0.789173 0.862509 0.907416 0.933742 0.947988 0.954271 0.955094 0.951696 0.944009 0.930273 0.906239 0.863793 0.788998 0.66377 0.493976 0.356374 0.290569 0.273868 0.294689 0.369207 0.517988 0.686005 0.802951 0.87057 0.907424 0.926617 0.935446 0.937188 0.932092 0.917609 0.887901 0.832505 0.735389 0.585247 0.422098 0.322175 0.285487 0.292183 0.345511 0.464822 0.627115 0.75416 0.823658 0.844929 0.823129 0.752943 0.625086 0.46264 0.344149 0.291581 0.285484 0.322939 0.42397 0.587616 0.737034 0.833324 0.888103 0.917303 0.931219 0.935476 0.932309 0.920961 0.897286 0.852506 0.771403 0.636088 0.462884 0.337317 0.283031 0.274772 0.305335 0.394375 0.553772 0.71339 0.819554 0.881286 0.916287 0.936158 0.94724 0.952499 0.952696 0.946989 0.933093 0.907004 0.862283 0.78911 0.675191 0.518345 0.358117 0.247648 0.207591 0.324798 1 
1 0.324861 0.207609 0.247519 0.35769 0.517757 0.674944 0.789419 0.863179 0.908506 0.935242 0.949846 0.956371 0.957248 0.953697 0.945775 0.932063 0.908972 0.869548 0.801906 0.690347 0.535659 0.397475 0.323209 0.301376 0.322799 0.401719 0.549566 0.706574 0.814343 0.877043 0.911435 0.929278 0.937188 0.938157 0.93235 0.917213 0.886883 0.830815 0.732899 0.582098 0.419096 0.319155 0.281082 0.284534 0.332755 0.447899 0.613245 0.745898 0.818696 0.840956 0.818184 0.744728 0.611333 0.445972 0.331677 0.284182 0.281335 0.32024 0.421356 0.5848 0.734736 0.831743 0.887182 0.917037 0.931663 0.93668 0.934297 0.923803 0.901291 0.858572 0.781534 0.653201 0.485771 0.358466 0.301872 0.294932 0.330736 0.425627 0.581166 0.728857 0.826833 0.88475 0.918345 0.937916 0.949083 0.954434 0.95458 0.948665 0.934454 0.908001 0.862898 0.789337 0.675037 0.517947 0.357817 0.247552 0.207599 0.324839 1 
1 0.324883 0.207624 0.247506 0.357603 0.517594 0.674796 0.789309 0.863053 0.908257 0.934705 0.948799 0.954557 0.954457 0.949928 0.941471 0.928415 0.908331 0.8762 0.823615 0.739649 0.621008 0.498074 0.416822 0.389078 0.414174 0.498572 0.630072 0.75315 0.836412 0.885582 0.912621 0.926349 0.932092 0.93235 0.927137 0.913964 0.887375 0.837917 0.751396 0.616137 0.45907 0.350037 0.303105 0.30378 0.3552 0.474687 0.635459 0.759862 0.827649 0.848406 0.827235 0.758936 0.633984 0.473256 0.354586 0.303937 0.30399 0.35189 0.461982 0.618985 0.753166 0.838774 0.887674 0.913918 0.926761 0.931404 0.929974 0.921931 0.903971 0.869488 0.807789 0.706012 0.567279 0.443753 0.379644 0.372049 0.416004 0.515303 0.64916 0.764288 0.841003 0.888056 0.91672 0.934542 0.945611 0.951603 0.952578 0.947398 0.933723 0.907606 0.862682 0.789191 0.674905 0.517834 0.357768 0.247552 0.207614 0.324856 1 
1 0.324884 0.207643 0.247568 0.357717 0.517663 0.674665 0.788888 0.862216 0.906778 0.932235 0.944869 0.948636 0.94611 0.939115 0.928959 0.916171 0.899833 0.876936 0.842248 0.789503 0.716286 0.634664 0.571384 0.547497 0.571267 0.639145 0.728374 0.806498 0.859948 0.891545 0.907987 0.915259 0.917609 0.917213 0.913964 0.905388 0.886521 0.849568 0.783645 0.678348 0.54353 0.429215 0.370436 0.369004 0.428418 0.550472 0.690908 0.792971 0.848479 0.865623 0.848208 0.7924 0.690084 0.549829 0.428609 0.370108 0.372442 0.432155 0.546876 0.680875 0.784992 0.850108 0.88667 0.905447 0.914056 0.917187 0.91692 0.912851 0.902178 0.879859 0.838935 0.772263 0.680483 0.587746 0.529449 0.520945 0.561208 0.639142 0.728513 0.802034 0.852705 0.885746 0.907842 0.923636 0.935325 0.943196 0.946348 0.943107 0.930938 0.905893 0.861698 0.788707 0.674791 0.517972 0.357939 0.247634 0.207633 0.324851 1 
1 0.324869 0.207666 0.247691 0.357991 0.517913 0.674532 0.788173 0.860707 0.904091 0.927754 0.93772 0.937738 0.930409 0.918122 0.903545 0.889199 0.876145 0.862992 0.846128 0.821322 0.786825 0.747622 0.716138 0.705342 0.7215 0.760441 0.808043 0.848861 0.875765 0.889055 0.892406 0.890577 0.887901 0.886883 0.887375 0.886521 0.879253 0.858957 0.81812 0.750242 0.65781 0.565487 0.5084 0.506812 0.564669 0.664618 0.764812 0.836234 0.876069 0.888628 0.875928 0.835977 0.76456 0.66474 0.565708 0.508921 0.511356 0.568763 0.660531 0.751811 0.818641 0.858845 0.878986 0.886574 0.888102 0.88831 0.889535 0.891325 0.890651 0.882844 0.862995 0.827692 0.778392 0.726454 0.690252 0.682353 0.70346 0.743922 0.788419 0.825026 0.851079 0.86974 0.885234 0.900178 0.914716 0.927071 0.934757 0.935287 0.925921 0.902828 0.859956 0.787888 0.674666 0.518305 0.358285 0.247784 0.207656 0.324827 1 
1 0.324842 0.20769 0.247856 0.358375 0.518278 0.674367 0.787184 0.858571 0.90022 0.921151 0.92686 0.920521 0.90442 0.881564 0.857019 0.837108 0.826021 0.823474 0.825338 0.826127 0.822157 0.81416 0.807259 0.807646 0.818522 0.837747 0.858573 0.873554 0.878323 0.872366 0.858668 0.843163 0.832505 0.830815 0.837917 0.849568 0.858957 0.858914 0.843793 0.810695 0.762116 0.710548 0.676661 0.677463 0.71553 0.775739 0.834889 0.878816 0.904497 0.91282 0.904438 0.878737 0.834901 0.776085 0.716532 0.67921 0.678831 0.712537 0.763339 0.810897 0.843081 0.857643 0.85774 0.849267 0.839387 0.834446 0.837841 0.848785 0.862509 0.872415 0.873173 0.862546 0.842147 0.818028 0.798856 0.790948 0.794804 0.805517 0.81616 0.822431 0.825211 0.828996 0.838484 0.855533 0.877734 0.899675 0.916031 0.923186 0.918423 0.898366 0.85747 0.786736 0.67449 0.518761 0.358755 0.247982 0.207683 0.324792 1 
1 0.32481 0.207716 0.248042 0.358813 0.518691 0.674153 0.785972 0.855925 0.895311 0.912499 0.912003 0.895665 0.864461 0.821622 0.776681 0.743952 0.733056 0.744036 0.769616 0.79939 0.824595 0.842024 0.853548 0.862754 0.871908 0.880401 0.884937 0.881108 0.865234 0.836044 0.7972 0.759328 0.735389 0.732899 0.751396 0.783645 0.81812 0.843793 0.854688 0.850108 0.833647 0.813329 0.80024 0.803503 0.824682 0.856652 0.888895 0.91415 0.929615 0.934758 0.929592 0.914132 0.888948 0.85689 0.82522 0.804323 0.801092 0.813801 0.833334 0.84875 0.852229 0.840496 0.814852 0.782074 0.753393 0.739558 0.746379 0.772542 0.809165 0.843676 0.86728 0.877687 0.876899 0.869124 0.858994 0.849401 0.840106 0.828167 0.810293 0.786455 0.762462 0.748014 0.751676 0.776137 0.815214 0.856202 0.888177 0.906187 0.90837 0.892595 0.854332 0.785292 0.67424 0.519266 0.359288 0.248206 0.207713 0.324751 1 
1 0.324777 0.207741 0.248227 0.359249 0.519093 0.673897 0.78465 0.853011 0.889769 0.902365 0.893721 0.863086 0.808068 0.730926 0.650566 0.596906 0.585062 0.612986 0.66984 0.737956 0.798416 0.842332 0.870957 0.888595 0.898434 0.901115 0.894638 0.87491 0.83673 0.776377 0.699165 0.627379 0.585247 0.582098 0.616137 0.678348 0.750242 0.810695 0.850108 0.869869 0.875683 0.874684 0.874111 0.879328 0.891818 0.909014 0.926517 0.940729 0.949726 0.952774 0.949711 0.940711 0.926523 0.909075 0.891939 0.879426 0.873969 0.873962 0.873967 0.86672 0.845145 0.803914 0.742864 0.673579 0.617356 0.5911 0.60232 0.650478 0.722534 0.793675 0.846133 0.877499 0.891958 0.894445 0.888578 0.875668 0.854266 0.820732 0.771776 0.710268 0.65067 0.61242 0.609732 0.64781 0.717301 0.792397 0.850257 0.884543 0.896238 0.885905 0.850791 0.783676 0.673921 0.519751 0.35982 0.248432 0.207743 0.32471 1 
1 0.324747 0.207763 0.248389 0.359631 0.519436 0.67364 0.7834 0.850228 0.88435 0.892105 0.874306 0.8263 0.739962 0.617121 0.498721 0.431825 0.420584 0.456687 0.536746 0.646433 0.750271 0.824921 0.871589 0.898039 0.909964 0.909385 0.894632 0.86033 0.797598 0.698243 0.574086 0.472464 0.422098 0.419096 0.45907 0.54353 0.65781 0.762116 0.833647 0.875683 0.897958 0.909188 0.916038 0.922879 0.931542 0.941622 0.95152 0.959611 0.964813 0.96659 0.964792 0.95957 0.951458 0.941525 0.93136 0.922487 0.9152 0.907525 0.894911 0.87047 0.825282 0.749953 0.643731 0.533622 0.457083 0.425491 0.438145 0.499921 0.608349 0.726375 0.814377 0.867818 0.895455 0.905092 0.900954 0.883518 0.849467 0.79216 0.705569 0.598058 0.50282 0.447587 0.440723 0.488087 0.589982 0.711617 0.805359 0.860558 0.883486 0.879143 0.847305 0.782099 0.673582 0.520165 0.36029 0.248633 0.20777 0.324674 1 
1 0.324724 0.207777 0.248509 0.359916 0.519694 0.673444 0.782443 0.848073 0.880084 0.883833 0.858129 0.794408 0.679305 0.520613 0.38996 0.328557 0.318322 0.346515 0.421309 0.550853 0.694847 0.80082 0.86507 0.899885 0.914357 0.912045 0.891325 0.845047 0.760093 0.625073 0.469123 0.365007 0.322175 0.319155 0.350037 0.429215 0.565487 0.710548 0.813329 0.874684 0.909188 0.928395 0.939805 0.94792 0.955007 0.961713 0.967758 0.972565 0.975639 0.976685 0.975608 0.972497 0.967635 0.961496 0.954615 0.947197 0.938472 0.925985 0.904934 0.867345 0.801076 0.691923 0.544436 0.415905 0.345519 0.321199 0.331773 0.386916 0.505516 0.660814 0.782575 0.855985 0.894248 0.908805 0.905045 0.882812 0.836437 0.754959 0.629774 0.485831 0.382244 0.333322 0.328384 0.371199 0.479755 0.6359 0.764053 0.839421 0.872671 0.87357 0.844488 0.780839 0.673306 0.520478 0.360649 0.248785 0.207789 0.324644 1 
1 0.324708 0.207782 0.248572 0.360077 0.519855 0.673371 0.781974 0.846994 0.87795 0.879709 0.850074 0.778555 0.649805 0.477924 0.348533 0.291488 0.279259 0.297707 0.359111 0.487702 0.654777 0.783048 0.859801 0.900448 0.916887 0.913949 0.890172 0.837432 0.7403 0.587031 0.421142 0.322777 0.285487 0.281082 0.303105 0.370436 0.5084 0.676661 0.80024 0.874111 0.916038 0.939805 0.953744 0.962635 0.969037 0.974108 0.978194 0.981262 0.983171 0.983809 0.983131 0.981171 0.978026 0.97381 0.96851 0.961701 0.952087 0.936879 0.910892 0.865101 0.784778 0.652725 0.482797 0.355768 0.297441 0.28062 0.290622 0.338677 0.453588 0.624047 0.764716 0.849689 0.893901 0.910977 0.906968 0.881119 0.825747 0.726277 0.574182 0.415891 0.321552 0.284542 0.284069 0.323192 0.427332 0.594867 0.740912 0.827609 0.866668 0.870487 0.842935 0.780156 0.673179 0.520681 0.360863 0.248871 0.207796 0.324624 1 
1 0.324699 0.207775 0.248574 0.360107 0.519921 0.673453 0.782084 0.847202 0.878423 0.880818 0.852645 0.784355 0.661691 0.495614 0.363819 0.300622 0.282285 0.295065 0.351511 0.478425 0.649825 0.782675 0.861967 0.90381 0.920734 0.91797 0.894448 0.842625 0.74796 0.59891 0.434642 0.333219 0.292183 0.284534 0.30378 0.369004 0.506812 0.677463 0.803503 0.879328 0.922879 0.94792 0.962635 0.971682 0.977635 0.981832 0.984885 0.987023 0.9883 0.988713 0.988253 0.986917 0.984689 0.981488 0.977037 0.970642 0.960827 0.94477 0.917371 0.86967 0.786795 0.651267 0.478365 0.352118 0.296416 0.282423 0.295239 0.346125 0.462842 0.631711 0.770017 0.853905 0.897861 0.914882 0.910556 0.883683 0.825922 0.721662 0.562611 0.402091 0.312215 0.280869 0.285578 0.329295 0.436332 0.602 0.744416 0.829016 0.867165 0.870635 0.842976 0.780194 0.673255 0.520779 0.360922 0.248884 0.207789 0.324612 1 
1 0.324698 0.207758 0.248521 0.360018 0.519901 0.673677 0.78272 0.848574 0.881234 0.886559 0.864441 0.808521 0.708309 0.566744 0.434896 0.357893 0.329708 0.341036 0.402562 0.530269 0.685986 0.802969 0.873542 0.911441 0.92706 0.924905 0.904383 0.859849 0.780443 0.656124 0.50781 0.398421 0.345511 0.332755 0.3552 0.428418 0.564669 0.71553 0.824682 0.891818 0.931542 0.955007 0.969037 0.977635 0.983106 0.986733 0.98919 0.99081 0.991736 0.992025 0.991686 0.990696 0.988982 0.986371 0.982488 0.976582 0.96724 0.951935 0.92627 0.882742 0.809225 0.691111 0.535466 0.407519 0.344162 0.328291 0.347284 0.409945 0.53122 0.680935 0.797194 0.868564 0.906773 0.921639 0.917315 0.892498 0.840007 0.746595 0.603441 0.449434 0.354798 0.321546 0.331992 0.387857 0.502568 0.65242 0.771962 0.842528 0.873689 0.873799 0.84451 0.780911 0.673524 0.520783 0.360839 0.24883 0.20777 0.324608 1 
