1 1 1 1 1 1 1 1 1 1 1 1 1 1 1 1 1 1 1 1 1 1 1 1 1 1 1 1 1 1 1 1 1 1 1 1 1 1 1 1 1 1 1 1 1 1 1 1 1 1 1 1 1 1 1 1 1 1 1 1 1 1 1 1 1 1 1 1 1 1 1 1 1 1 1 1 1 1 1 1 1 1 1 1 1 1 1 1 1 1 1 1 1 1 1 1 1 1 1 1 
1 1 1 1 1 1 1 1 1 1 1 1 1 1 1 1 1 1 1 1 1 0.999999 0.999999 0.999999 0.999999 0.999998 0.999998 0.999997 0.999996 0.999995 0.999994 0.999993 0.999991 0.99999 0.999988 0.999987 0.999986 0.999985 0.999984 0.999984 0.999983 0.999984 0.999984 0.999985 0.999986 0.999987 0.999988 0.999989 0.99999 0.99999 0.99999 0.99999 0.99999 0.999989 0.999988 0.999987 0.999986 0.999985 0.999984 0.999984 0.999983 0.999984 0.999984 0.999985 0.999986 0.999987 0.999988 0.99999 0.999991 0.999993 0.999994 0.999995 0.999996 0.999997 0.999998 0.999998 0.999999 0.999999 0.999999 0.999999 1 1 1 1 1 1 1 1 1 1 1 1 1 1 1 1 1 1 1 1 
1 1 1 1 1 1 1 1 1 1 1 1 1 1 1 1 1 1 1 0.999999 0.999999 0.999999 0.999998 0.999998 0.999997 0.999996 0.999995 0.999993 0.999991 0.999989 0.999986 0.999984 0.99998 0.999977 0.999974 0.999971 0.999968 0.999966 0.999964 0.999963 0.999963 0.999964 0.999965 0.999967 0.999969 0.999971 0.999974 0.999976 0.999977 0.999978 0.999979 0.999978 0.999977 0.999976 0.999974 0.999971 0.999969 0.999967 0.999965 0.999964 0.999963 0.999963 0.999964 0.999966 0.999968 0.999971 0.999974 0.999977 0.99998 0.999984 0.999986 0.999989 0.999991 0.999993 0.999995 0.999996 0.999997 0.999998 0.999998 0.999999 0.999999 0.999999 1 1 1 1 1 1 1 1 1 1 1 1 1 1 1 1 1 1 
1 1 1 1 1 1 1 1 1 1 1 1 1 1 1 1 1 0.999999 0.999999 0.999999 0.999999 0.999998 0.999997 0.999996 0.999995 0.999993 0.999991 0.999988 0.999985 0.999981 0.999976 0.999971 0.999965 0.999959 0.999953 0.999947 0.999942 0.999938 0.999935 0.999933 0.999933 0.999934 0.999937 0.99994 0.999945 0.999949 0.999954 0.999958 0.999961 0.999962 0.999963 0.999962 0.999961 0.999958 0.999954 0.999949 0.999945 0.99994 0.999937 0.999934 0.999933 0.999933 0.999935 0.999938 0.999942 0.999947 0.999953 0.999959 0.999965 0.999971 0.999976 0.999981 0.999985 0.999988 0.999991 0.999993 0.999995 0.999996 0.999997 0.999998 0.999999 0.999999 0.999999 0.999999 1 1 1 1 1 1 1 1 1 1 1 1 1 1 1 1 
1 1 1 1 1 1 1 1 1 1 1 1 1 1 1 1 0.999999 0.999999 0.999999 0.999998 0.999998 0.999997 0.999996 0.999994 0.999992 0.999989 0.999986 0.999981 0.999976 0.999969 0.999961 0.999952 0.999943 0.999932 0.999922 0.999911 0.999902 0.999895 0.999889 0.999886 0.999886 0.999888 0.999893 0.9999 0.999907 0.999916 0.999924 0.99993 0.999936 0.999939 0.99994 0.999939 0.999936 0.99993 0.999924 0.999916 0.999907 0.9999 0.999893 0.999888 0.999886 0.999886 0.999889 0.999895 0.999902 0.999911 0.999922 0.999932 0.999943 0.999952 0.999961 0.999969 0.999976 0.999981 0.999986 0.999989 0.999992 0.999994 0.999996 0.999997 0.999998 0.999998 0.999999 0.999999 0.999999 1 1 1 1 1 1 1 1 1 1 1 1 1 1 1 
1 1 1 1 1 1 1 1 1 1 1 1 1 1 1 0.999999 0.999999 0.999999 0.999998 0.999998 0.999997 0.999995 0.999994 0.999991 0.999988 0.999983 0.999978 0.999971 0.999962 0.999951 0.999938 0.999923 0.999907 0.99989 0.999872 0.999854 0.999838 0.999825 0.999815 0.99981 0.99981 0.999814 0.999823 0.999835 0.999849 0.999863 0.999877 0.999889 0.999898 0.999904 0.999906 0.999904 0.999898 0.999889 0.999877 0.999863 0.999849 0.999835 0.999823 0.999814 0.99981 0.99981 0.999815 0.999825 0.999838 0.999854 0.999872 0.99989 0.999907 0.999923 0.999938 0.999951 0.999962 0.999971 0.999978 0.999983 0.999988 0.999991 0.999994 0.999995 0.999997 0.999998 0.999998 0.999999 0.999999 0.999999 1 1 1 1 1 1 1 1 1 1 1 1 1 1 
1 1 1 1 1 1 1 1 1 1 1 1 1 1 0.999999 0.999999 0.999999 0.999998 0.999998 0.999997 0.999995 0.999993 0.999991 0.999987 0.999982 0.999975 0.999966 0.999955 0.999941 0.999923 0.999903 0.999878 0.999851 0.999822 0.999791 0.999761 0.999734 0.999711 0.999695 0.999686 0.999686 0.999694 0.999709 0.99973 0.999754 0.99978 0.999804 0.999825 0.999841 0.999851 0.999854 0.999851 0.999841 0.999825 0.999804 0.99978 0.999754 0.99973 0.999709 0.999694 0.999686 0.999686 0.999695 0.999711 0.999734 0.999761 0.999791 0.999822 0.999851 0.999878 0.999903 0.999923 0.999941 0.999955 0.999966 0.999975 0.999982 0.999987 0.999991 0.999993 0.999995 0.999997 0.999998 0.999998 0.999999 0.999999 0.999999 1 1 1 1 1 1 1 1 1 1 1 1 1 
1 1 1 1 1 1 1 1 1 1 1 1 1 0.999999 0.999999 0.999999 0.999998 0.999998 0.999997 0.999995 0.999993 0.99999 0.999986 0.999981 0.999973 0.999963 0.999949 0.999932 0.99991 0.999882 0.999848 0.999808 0.999763 0.999714 0.999662 0.999611 0.999564 0.999524 0.999496 0.999481 0.999481 0.999495 0.999522 0.99956 0.999602 0.999647 0.999689 0.999725 0.999753 0.99977 0.999776 0.99977 0.999753 0.999725 0.999689 0.999647 0.999602 0.99956 0.999522 0.999495 0.999481 0.999481 0.999496 0.999524 0.999564 0.999611 0.999662 0.999714 0.999763 0.999808 0.999848 0.999882 0.99991 0.999932 0.999949 0.999963 0.999973 0.999981 0.999986 0.99999 0.999993 0.999995 0.999997 0.999998 0.999998 0.999999 0.999999 0.999999 1 1 1 1 1 1 1 1 1 1 1 1 
1 1 1 1 1 1 1 1 1 1 1 1 0.999999 0.999999 0.999999 0.999998 0.999998 0.999997 0.999995 0.999993 0.99999 0.999986 0.99998 0.999972 0.999961 0.999946 0.999925 0.999898 0.999863 0.999819 0.999764 0.9997 0.999625 0.999542 0.999455 0.999368 0.999286 0.999217 0.999167 0.999141 0.999142 0.999168 0.999217 0.999282 0.999358 0.999436 0.999509 0.999572 0.999619 0.999649 0.999659 0.999649 0.999619 0.999572 0.999509 0.999436 0.999358 0.999282 0.999217 0.999168 0.999142 0.999141 0.999167 0.999217 0.999286 0.999368 0.999455 0.999542 0.999625 0.9997 0.999764 0.999819 0.999863 0.999898 0.999925 0.999946 0.999961 0.999972 0.99998 0.999986 0.99999 0.999993 0.999995 0.999997 0.999998 0.999998 0.999999 0.999999 0.999999 1 1 1 1 1 1 1 1 1 1 1 
1 1 1 1 1 1 1 1 1 1 1 0.999999 0.999999 0.999999 0.999999 0.999998 0.999997 0.999996 0.999994 0.999991 0.999987 0.999981 0.999972 0.999961 0.999944 0.999921 0.99989 0.999848 0.999794 0.999724 0.999637 0.999532 0.999408 0.99927 0.999122 0.998972 0.998831 0.998711 0.998624 0.998578 0.998579 0.998627 0.998714 0.998831 0.998964 0.9991 0.999227 0.999335 0.999417 0.999467 0.999484 0.999467 0.999417 0.999335 0.999227 0.9991 0.998964 0.998831 0.998714 0.998627 0.998579 0.998578 0.998624 0.998711 0.998831 0.998972 0.999122 0.99927 0.999408 0.999532 0.999637 0.999724 0.999794 0.999848 0.99989 0.999921 0.999944 0.999961 0.999972 0.999981 0.999987 0.999991 0.999994 0.999996 0.999997 0.999998 0.999999 0.999999 0.999999 0.999999 1 1 1 1 1 1 1 1 1 1 
1 1 1 1 1 1 1 1 1 1 1 0.999999 0.999999 0.999999 0.999998 0.999997 0.999996 0.999994 0.999991 0.999988 0.999982 0.999974 0.999962 0.999944 0.99992 0.999886 0.999839 0.999776 0.999692 0.999582 0.999444 0.999273 0.999071 0.99884 0.998589 0.998331 0.998087 0.997877 0.997722 0.997642 0.997645 0.99773 0.997887 0.998095 0.99833 0.998569 0.998788 0.998973 0.999112 0.999197 0.999226 0.999197 0.999112 0.998973 0.998788 0.998569 0.99833 0.998095 0.997887 0.99773 0.997645 0.997642 0.997722 0.997877 0.998087 0.998331 0.998589 0.99884 0.999071 0.999273 0.999444 0.999582 0.999692 0.999776 0.999839 0.999886 0.99992 0.999944 0.999962 0.999974 0.999982 0.999988 0.999991 0.999994 0.999996 0.999997 0.999998 0.999999 0.999999 0.999999 1 1 1 1 1 1 1 1 1 1 
1 1 1 1 1 1 1 1 1 0.999999 0.999999 0.999999 0.999999 0.999998 0.999997 0.999996 0.999995 0.999992 0.999988 0.999983 0.999975 0.999964 0.999947 0.999923 0.999888 0.999838 0.999769 0.999673 0.999544 0.999374 0.999154 0.998879 0.998547 0.998162 0.997737 0.997294 0.996868 0.996498 0.996224 0.996082 0.996088 0.996243 0.996524 0.996896 0.997312 0.997728 0.998108 0.998424 0.998658 0.998802 0.99885 0.998802 0.998658 0.998424 0.998108 0.997728 0.997312 0.996896 0.996524 0.996243 0.996088 0.996082 0.996224 0.996498 0.996868 0.997294 0.997737 0.998162 0.998547 0.998879 0.999154 0.999374 0.999544 0.999673 0.999769 0.999838 0.999888 0.999923 0.999947 0.999964 0.999975 0.999983 0.999988 0.999992 0.999995 0.999996 0.999997 0.999998 0.999999 0.999999 0.999999 1 1 1 1 1 1 1 1 1 
1 1 1 1 1 1 1 1 0.999999 0.999999 0.999999 0.999999 0.999998 0.999997 0.999996 0.999995 0.999993 0.999989 0.999984 0.999977 0.999967 0.999951 0.999928 0.999893 0.999844 0.999772 0.999671 0.999528 0.999333 0.99907 0.998725 0.998285 0.997743 0.997102 0.996382 0.99562 0.994874 0.994219 0.99373 0.993473 0.993486 0.993767 0.994276 0.994941 0.995678 0.996406 0.99706 0.997596 0.997991 0.99823 0.99831 0.99823 0.997991 0.997596 0.99706 0.996406 0.995678 0.994941 0.994276 0.993767 0.993486 0.993473 0.99373 0.994219 0.994874 0.99562 0.996382 0.997102 0.997743 0.998285 0.998725 0.99907 0.999333 0.999528 0.999671 0.999772 0.999844 0.999893 0.999928 0.999951 0.999967 0.999977 0.999984 0.999989 0.999993 0.999995 0.999996 0.999997 0.999998 0.999999 0.999999 0.999999 0.999999 1 1 1 1 1 1 1 
1 1 1 1 1 1 1 0.999999 0.999999 0.999999 0.999999 0.999998 0.999997 0.999996 0.999995 0.999993 0.99999 0.999986 0.999979 0.99997 0.999955 0.999934 0.999902 0.999855 0.999786 0.999684 0.999537 0.999328 0.999036 0.998634 0.998097 0.997398 0.996518 0.995456 0.994237 0.992922 0.991614 0.990447 0.989566 0.989099 0.989122 0.989636 0.990561 0.991758 0.993066 0.994336 0.995459 0.996365 0.997021 0.997415 0.997547 0.997415 0.997021 0.996365 0.995459 0.994336 0.993066 0.991758 0.990561 0.989636 0.989122 0.989099 0.989566 0.990447 0.991614 0.992922 0.994237 0.995456 0.996518 0.997398 0.998097 0.998634 0.999036 0.999328 0.999537 0.999684 0.999786 0.999855 0.999902 0.999934 0.999955 0.99997 0.999979 0.999986 0.99999 0.999993 0.999995 0.999996 0.999997 0.999998 0.999999 0.999999 0.999999 0.999999 1 1 1 1 1 1 
1 1 1 1 1 1 0.999999 0.999999 0.999999 0.999999 0.999998 0.999997 0.999996 0.999995 0.999993 0.99999 0.999986 0.999981 0.999972 0.99996 0.999941 0.999913 0.99987 0.999806 0.99971 0.999568 0.999359 0.999056 0.998625 0.99802 0.997193 0.996092 0.994674 0.992922 0.990864 0.988595 0.986291 0.984198 0.982597 0.981739 0.981778 0.982722 0.984413 0.98658 0.988907 0.991124 0.993041 0.994558 0.995637 0.996279 0.996491 0.996279 0.995637 0.994558 0.993041 0.991124 0.988907 0.98658 0.984413 0.982722 0.981778 0.981739 0.982597 0.984198 0.986291 0.988595 0.990864 0.992922 0.994674 0.996092 0.997193 0.99802 0.998625 0.999056 0.999359 0.999568 0.99971 0.999806 0.99987 0.999913 0.999941 0.99996 0.999972 0.999981 0.999986 0.99999 0.999993 0.999995 0.999996 0.999997 0.999998 0.999999 0.999999 0.999999 0.999999 1 1 1 1 1 
1 1 1 1 1 0.999999 0.999999 0.999999 0.999998 0.999998 0.999997 0.999996 0.999995 0.999993 0.99999 0.999987 0.999982 0.999974 0.999963 0.999947 0.999923 0.999886 0.999829 0.999744 0.999614 0.999419 0.999127 0.998697 0.99807 0.997174 0.995918 0.994205 0.991941 0.989069 0.985605 0.981688 0.977616 0.973841 0.970902 0.969302 0.969362 0.971106 0.974228 0.978174 0.982328 0.986187 0.98944 0.991952 0.993704 0.994729 0.995066 0.994729 0.993704 0.991952 0.98944 0.986187 0.982328 0.978174 0.974228 0.971106 0.969362 0.969302 0.970902 0.973841 0.977616 0.981688 0.985605 0.989069 0.991941 0.994205 0.995918 0.997174 0.99807 0.998697 0.999127 0.999419 0.999614 0.999744 0.999829 0.999886 0.999923 0.999947 0.999963 0.999974 0.999982 0.999987 0.99999 0.999993 0.999995 0.999996 0.999997 0.999998 0.999998 0.999999 0.999999 0.999999 1 1 1 1 
1 1 1 1 0.999999 0.999999 0.999999 0.999998 0.999998 0.999997 0.999996 0.999995 0.999993 0.99999 0.999986 0.999982 0.999975 0.999965 0.999951 0.99993 0.999899 0.999851 0.999778 0.999667 0.999495 0.999232 0.998833 0.998233 0.997341 0.996036 0.994162 0.991536 0.987966 0.9833 0.977499 0.97074 0.963519 0.956664 0.951218 0.948191 0.94826 0.951512 0.95733 0.964576 0.972014 0.978713 0.984181 0.988282 0.991073 0.992678 0.993201 0.992678 0.991073 0.988282 0.984181 0.978713 0.972014 0.964576 0.95733 0.951512 0.94826 0.948191 0.951218 0.956664 0.963519 0.97074 0.977499 0.9833 0.987966 0.991536 0.994162 0.996036 0.997341 0.998233 0.998833 0.999232 0.999495 0.999667 0.999778 0.999851 0.999899 0.99993 0.999951 0.999965 0.999975 0.999982 0.999986 0.99999 0.999993 0.999995 0.999996 0.999997 0.999998 0.999998 0.999999 0.999999 0.999999 1 1 1 
1 1 1 0.999999 0.999999 0.999999 0.999998 0.999998 0.999997 0.999996 0.999994 0.999992 0.999989 0.999986 0.999981 0.999974 0.999965 0.999953 0.999934 0.999908 0.999868 0.999808 0.999716 0.999573 0.99935 0.999005 0.998473 0.997655 0.996415 0.994556 0.991816 0.987865 0.982325 0.974836 0.965192 0.95356 0.940722 0.928193 0.918005 0.912195 0.912203 0.918306 0.929278 0.942711 0.956064 0.967627 0.976702 0.98327 0.987613 0.990061 0.990849 0.990061 0.987613 0.98327 0.976702 0.967627 0.956064 0.942711 0.929278 0.918306 0.912203 0.912195 0.918005 0.928193 0.940722 0.95356 0.965192 0.974836 0.982325 0.987865 0.991816 0.994556 0.996415 0.997655 0.998473 0.999005 0.99935 0.999573 0.999716 0.999808 0.999868 0.999908 0.999934 0.999953 0.999965 0.999974 0.999981 0.999986 0.999989 0.999992 0.999994 0.999996 0.999997 0.999998 0.999998 0.999999 0.999999 1 1 1 
1 1 1 0.999999 0.999999 0.999998 0.999998 0.999997 0.999995 0.999994 0.999991 0.999988 0.999984 0.999979 0.999972 0.999963 0.999951 0.999934 0.999911 0.999878 0.999828 0.999754 0.999639 0.99946 0.999179 0.998738 0.998045 0.996963 0.995283 0.992706 0.988802 0.982998 0.974577 0.962756 0.946906 0.926983 0.904145 0.881167 0.862023 0.850777 0.850455 0.861915 0.882804 0.907936 0.931922 0.951682 0.966453 0.976702 0.983259 0.98687 0.988018 0.98687 0.983259 0.976702 0.966453 0.951682 0.931922 0.907936 0.882804 0.861915 0.850455 0.850777 0.862023 0.881167 0.904145 0.926983 0.946906 0.962756 0.974577 0.982998 0.988802 0.992706 0.995283 0.996963 0.998045 0.998738 0.999179 0.99946 0.999639 0.999754 0.999828 0.999878 0.999911 0.999934 0.999951 0.999963 0.999972 0.999979 0.999984 0.999988 0.999991 0.999994 0.999995 0.999997 0.999998 0.999998 0.999999 0.999999 1 1 
1 1 0.999999 0.999999 0.999998 0.999998 0.999997 0.999995 0.999993 0.999991 0.999988 0.999983 0.999977 0.99997 0.99996 0.999947 0.99993 0.999908 0.999878 0.999835 0.999774 0.999683 0.999543 0.999325 0.99898 0.998432 0.997559 0.996169 0.993968 0.990506 0.985117 0.976847 0.964398 0.946176 0.920579 0.886811 0.846416 0.80465 0.769334 0.748075 0.746639 0.767507 0.806916 0.85391 0.89669 0.929807 0.953151 0.968579 0.97809 0.983198 0.984802 0.983198 0.97809 0.968579 0.953151 0.929807 0.89669 0.85391 0.806916 0.767507 0.746639 0.748075 0.769334 0.80465 0.846416 0.886811 0.920579 0.946176 0.964398 0.976847 0.985117 0.990506 0.993968 0.996169 0.997559 0.998432 0.99898 0.999325 0.999543 0.999683 0.999774 0.999835 0.999878 0.999908 0.99993 0.999947 0.99996 0.99997 0.999977 0.999983 0.999988 0.999991 0.999993 0.999995 0.999997 0.999998 0.999998 0.999999 1 1 
1 1 0.999999 0.999999 0.999998 0.999997 0.999995 0.999993 0.99999 0.999987 0.999982 0.999975 0.999967 0.999955 0.999941 0.999923 0.999899 0.999868 0.999828 0.999774 0.999698 0.999587 0.99942 0.999161 0.998751 0.998092 0.997029 0.995308 0.992529 0.988055 0.980901 0.969562 0.951833 0.924684 0.88451 0.828589 0.759075 0.687254 0.628413 0.593537 0.589675 0.622563 0.690649 0.774779 0.848643 0.902018 0.937237 0.95932 0.972419 0.979277 0.981404 0.979277 0.972419 0.95932 0.937237 0.902018 0.848643 0.774779 0.690649 0.622563 0.589675 0.593537 0.628413 0.687254 0.759075 0.828589 0.88451 0.924684 0.951833 0.969562 0.980901 0.988055 0.992529 0.995308 0.997029 0.998092 0.998751 0.999161 0.99942 0.999587 0.999698 0.999774 0.999828 0.999868 0.999899 0.999923 0.999941 0.999955 0.999967 0.999975 0.999982 0.999987 0.999991 0.999993 0.999995 0.999997 0.999998 0.999999 0.999999 1 
1 0.999999 0.999999 0.999998 0.999997 0.999995 0.999993 0.99999 0.999986 0.999981 0.999974 0.999964 0.999951 0.999934 0.999913 0.999886 0.999851 0.999808 0.999754 0.999683 0.999587 0.999454 0.999258 0.998958 0.998484 0.997721 0.996476 0.994432 0.991071 0.985548 0.976491 0.961693 0.937678 0.899183 0.839099 0.751234 0.641524 0.538306 0.466227 0.428421 0.42308 0.45827 0.547121 0.675485 0.791498 0.871105 0.920492 0.949964 0.96684 0.975478 0.978128 0.975478 0.96684 0.949964 0.920492 0.871105 0.791498 0.675485 0.547121 0.45827 0.42308 0.428421 0.466227 0.538306 0.641524 0.751234 0.839099 0.899183 0.937678 0.961693 0.976491 0.985548 0.991071 0.994432 0.996476 0.997721 0.998484 0.998958 0.999258 0.999454 0.999587 0.999683 0.999754 0.999808 0.999851 0.999886 0.999913 0.999934 0.999951 0.999964 0.999974 0.999981 0.999986 0.99999 0.999993 0.999995 0.999997 0.999998 0.999999 1 
1 0.999999 0.999998 0.999997 0.999996 0.999994 0.999991 0.999986 0.99998 0.999972 0.999962 0.999947 0.999928 0.999902 0.99987 0.999829 0.999778 0.999716 0.999639 0.999543 0.99942 0.999258 0.999029 0.99869 0.998162 0.997312 0.995916 0.993599 0.989734 0.983269 0.972438 0.954279 0.92383 0.872993 0.789929 0.665201 0.519973 0.4112 0.353474 0.328612 0.325667 0.353065 0.436646 0.587159 0.739862 0.844036 0.90625 0.942115 0.962146 0.972239 0.975311 0.972239 0.962146 0.942115 0.90625 0.844036 0.739862 0.587159 0.436646 0.353065 0.325667 0.328612 0.353474 0.4112 0.519973 0.665201 0.789929 0.872993 0.92383 0.954279 0.972438 0.983269 0.989734 0.993599 0.995916 0.997312 0.998162 0.99869 0.999029 0.999258 0.99942 0.999543 0.999639 0.999716 0.999778 0.999829 0.99987 0.999902 0.999928 0.999947 0.999962 0.999972 0.999981 0.999986 0.999991 0.999994 0.999996 0.999998 0.999999 1 
1 0.999999 0.999998 0.999996 0.999994 0.999991 0.999987 0.999981 0.999972 0.999961 0.999944 0.999923 0.999893 0.999855 0.999806 0.999744 0.999667 0.999573 0.99946 0.999325 0.999161 0.998958 0.99869 0.998312 0.997741 0.996835 0.995345 0.992854 0.988652 0.981531 0.969417 0.948725 0.913208 0.852157 0.749387 0.595116 0.434772 0.340205 0.302284 0.290944 0.293143 0.317665 0.393966 0.546073 0.713492 0.829564 0.898251 0.937386 0.95905 0.969906 0.973201 0.969906 0.95905 0.937386 0.898251 0.829564 0.713492 0.546073 0.393966 0.317665 0.293143 0.290944 0.302284 0.340205 0.434772 0.595116 0.749387 0.852157 0.913208 0.948725 0.969417 0.981531 0.988652 0.992854 0.995345 0.996835 0.997741 0.998312 0.99869 0.998958 0.999161 0.999325 0.99946 0.999573 0.999667 0.999744 0.999806 0.999855 0.999893 0.999923 0.999944 0.999961 0.999972 0.999981 0.999987 0.999991 0.999994 0.999997 0.999998 1 
1 0.999999 0.999997 0.999995 0.999992 0.999988 0.999982 0.999973 0.999961 0.999944 0.99992 0.999888 0.999844 0.999786 0.99971 0.999614 0.999495 0.99935 0.999179 0.99898 0.998751 0.998484 0.998162 0.997741 0.997143 0.996221 0.994717 0.992194 0.987904 0.980575 0.968005 0.946346 0.90879 0.843435 0.732103 0.565796 0.403499 0.318907 0.292112 0.290384 0.300845 0.332509 0.413569 0.562899 0.721716 0.832163 0.89835 0.936495 0.957799 0.968539 0.97181 0.968539 0.957799 0.936495 0.89835 0.832163 0.721716 0.562899 0.413569 0.332509 0.300845 0.290384 0.292112 0.318907 0.403499 0.565796 0.732103 0.843435 0.90879 0.946346 0.968005 0.980575 0.987904 0.992194 0.994717 0.996221 0.997143 0.997741 0.998162 0.998484 0.998751 0.99898 0.999179 0.99935 0.999495 0.999614 0.99971 0.999786 0.999844 0.999888 0.99992 0.999944 0.999961 0.999973 0.999982 0.999988 0.999992 0.999995 0.999998 1 
1 0.999998 0.999996 0.999993 0.999989 0.999983 0.999975 0.999963 0.999946 0.999921 0.999886 0.999838 0.999772 0.999684 0.999568 0.999419 0.999232 0.999005 0.998738 0.998432 0.998092 0.997721 0.997312 0.996835 0.996221 0.99533 0.993909 0.991526 0.98745 0.980447 0.968415 0.947724 0.912037 0.850417 0.746215 0.589809 0.430945 0.344091 0.318109 0.322804 0.345452 0.3936 0.487379 0.626175 0.75762 0.848791 0.905174 0.938716 0.957925 0.967781 0.97081 0.967781 0.957925 0.938716 0.905174 0.848791 0.75762 0.626175 0.487379 0.3936 0.345452 0.322804 0.318109 0.344091 0.430945 0.589809 0.746215 0.850417 0.912037 0.947724 0.968415 0.980447 0.98745 0.991526 0.993909 0.99533 0.996221 0.996835 0.997312 0.997721 0.998092 0.998432 0.998738 0.999005 0.999232 0.999419 0.999568 0.999684 0.999772 0.999838 0.999886 0.999921 0.999946 0.999963 0.999975 0.999984 0.99999 0.999994 0.999997 1 
1 0.999998 0.999995 0.999991 0.999986 0.999978 0.999966 0.999949 0.999925 0.99989 0.999839 0.999769 0.999671 0.999537 0.999359 0.999127 0.998833 0.998473 0.998045 0.997559 0.997029 0.996476 0.995916 0.995345 0.994717 0.993909 0.992685 0.990635 0.987082 0.980922 0.97034 0.952321 0.921839 0.870688 0.786955 0.662171 0.522755 0.430714 0.398437 0.406274 0.441485 0.504923 0.599646 0.709709 0.80436 0.871319 0.914869 0.942072 0.958285 0.966847 0.969519 0.966847 0.958285 0.942072 0.914869 0.871319 0.80436 0.709709 0.599646 0.504923 0.441485 0.406274 0.398437 0.430714 0.522755 0.662171 0.786955 0.870688 0.921839 0.952321 0.97034 0.980922 0.987082 0.990635 0.992685 0.993909 0.994717 0.995345 0.995916 0.996476 0.997029 0.997559 0.998045 0.998473 0.998833 0.999127 0.999359 0.999537 0.999671 0.999769 0.999839 0.99989 0.999925 0.99995 0.999967 0.999978 0.999986 0.999992 0.999996 1 
1 0.999997 0.999993 0.999988 0.999981 0.999971 0.999955 0.999932 0.999898 0.999848 0.999776 0.999673 0.999528 0.999328 0.999056 0.998697 0.998233 0.997655 0.996963 0.996169 0.995308 0.994432 0.993599 0.992854 0.992194 0.991526 0.990635 0.989132 0.986407 0.98152 0.973025 0.958681 0.935043 0.897032 0.838195 0.754501 0.657319 0.580401 0.545976 0.551164 0.585704 0.642118 0.712775 0.784961 0.845908 0.891266 0.92286 0.943955 0.957269 0.964603 0.966945 0.964603 0.957269 0.943955 0.92286 0.891266 0.845908 0.784961 0.712775 0.642118 0.585704 0.551164 0.545976 0.580401 0.657319 0.754501 0.838195 0.897032 0.935043 0.958681 0.973025 0.98152 0.986407 0.989132 0.990635 0.991526 0.992194 0.992854 0.993599 0.994432 0.995308 0.996169 0.996963 0.997655 0.998233 0.998697 0.999056 0.999328 0.999528 0.999673 0.999776 0.999848 0.999898 0.999932 0.999955 0.999971 0.999982 0.999989 0.999995 1 
1 0.999996 0.999991 0.999985 0.999976 0.999962 0.999941 0.99991 0.999863 0.999794 0.999692 0.999544 0.999333 0.999036 0.998625 0.99807 0.997341 0.996415 0.995283 0.993968 0.992529 0.991071 0.989734 0.988652 0.987904 0.98745 0.987082 0.986407 0.984842 0.98158 0.975514 0.965106 0.948239 0.922213 0.884283 0.833763 0.776716 0.728338 0.702374 0.701654 0.721319 0.754776 0.795442 0.836579 0.872889 0.90227 0.924876 0.941534 0.952969 0.959656 0.961857 0.959656 0.952969 0.941534 0.924876 0.90227 0.872889 0.836579 0.795442 0.754776 0.721319 0.701654 0.702374 0.728338 0.776716 0.833763 0.884283 0.922213 0.948239 0.965106 0.975514 0.98158 0.984842 0.986407 0.987082 0.98745 0.987904 0.988652 0.989734 0.991071 0.992529 0.993968 0.995283 0.996415 0.997341 0.99807 0.998625 0.999036 0.999333 0.999544 0.999692 0.999794 0.999863 0.99991 0.999941 0.999962 0.999977 0.999986 0.999994 1 
1 0.999995 0.999989 0.999981 0.999969 0.999951 0.999923 0.999882 0.999819 0.999724 0.999582 0.999374 0.99907 0.998634 0.99802 0.997174 0.996036 0.994556 0.992706 0.990506 0.988055 0.985548 0.983269 0.981531 0.980575 0.980447 0.980922 0.98152 0.98158 0.980328 0.976887 0.97023 0.959151 0.942361 0.918926 0.889305 0.856934 0.828533 0.810514 0.805128 0.81066 0.82383 0.841416 0.86083 0.880399 0.899249 0.916661 0.931659 0.943177 0.95039 0.952841 0.95039 0.943177 0.931659 0.916661 0.899249 0.880399 0.86083 0.841416 0.82383 0.81066 0.805128 0.810514 0.828533 0.856934 0.889305 0.918926 0.942361 0.959151 0.97023 0.976887 0.980328 0.98158 0.98152 0.980922 0.980447 0.980575 0.981531 0.983269 0.985548 0.988055 0.990506 0.992706 0.994556 0.996036 0.997174 0.99802 0.998634 0.99907 0.999374 0.999582 0.999724 0.999819 0.999882 0.999924 0.999952 0.99997 0.999983 0.999992 1 
1 0.999994 0.999986 0.999976 0.999961 0.999938 0.999903 0.999848 0.999764 0.999637 0.999444 0.999154 0.998725 0.998097 0.997193 0.995918 0.994162 0.991816 0.988802 0.985117 0.980901 0.976491 0.972438 0.969417 0.968005 0.968415 0.97034 0.973025 0.975514 0.976887 0.976345 0.973188 0.966769 0.956548 0.942308 0.924602 0.90521 0.886997 0.87256 0.862829 0.857073 0.854063 0.85335 0.855851 0.863169 0.875956 0.892756 0.910347 0.925255 0.93502 0.938393 0.93502 0.925255 0.910347 0.892756 0.875956 0.863169 0.855851 0.85335 0.854063 0.857073 0.862829 0.87256 0.886997 0.90521 0.924602 0.942308 0.956548 0.966769 0.973188 0.976345 0.976887 0.975514 0.973025 0.97034 0.968415 0.968005 0.969417 0.972438 0.976491 0.980901 0.985117 0.988802 0.991816 0.994162 0.995918 0.997193 0.998097 0.998725 0.999154 0.999444 0.999637 0.999765 0.999848 0.999903 0.999939 0.999963 0.999979 0.99999 1 
1 0.999993 0.999984 0.999971 0.999952 0.999923 0.999878 0.999808 0.9997 0.999532 0.999273 0.998879 0.998285 0.997398 0.996092 0.994205 0.991536 0.987865 0.982998 0.976847 0.969562 0.961693 0.954279 0.948725 0.946346 0.947724 0.952321 0.958681 0.965106 0.97023 0.973188 0.973495 0.970891 0.965255 0.956645 0.945421 0.932317 0.918243 0.903714 0.88836 0.871143 0.851498 0.831183 0.815549 0.811371 0.822061 0.844839 0.872149 0.896096 0.911782 0.917174 0.911782 0.896096 0.872149 0.844839 0.822061 0.811371 0.815549 0.831183 0.851498 0.871143 0.88836 0.903714 0.918243 0.932317 0.945421 0.956645 0.965255 0.970891 0.973495 0.973188 0.97023 0.965106 0.958681 0.952321 0.947724 0.946346 0.948725 0.954279 0.961693 0.969562 0.976847 0.982998 0.987865 0.991536 0.994205 0.996092 0.997398 0.998285 0.99888 0.999273 0.999532 0.9997 0.999809 0.999879 0.999925 0.999954 0.999974 0.999988 1 
1 0.999991 0.99998 0.999965 0.999943 0.999907 0.999851 0.999763 0.999625 0.999408 0.999071 0.998547 0.997743 0.996518 0.994674 0.991941 0.987966 0.982325 0.974577 0.964398 0.951833 0.937678 0.92383 0.913208 0.90879 0.912037 0.921839 0.935043 0.948239 0.959151 0.966769 0.970891 0.97167 0.969353 0.964176 0.956326 0.945856 0.932469 0.915155 0.891935 0.860166 0.818225 0.76965 0.727506 0.708667 0.721594 0.760882 0.810187 0.852639 0.879542 0.888593 0.879542 0.852639 0.810187 0.760882 0.721594 0.708667 0.727506 0.76965 0.818225 0.860166 0.891935 0.915155 0.932469 0.945856 0.956326 0.964176 0.969353 0.97167 0.970891 0.966769 0.959151 0.948239 0.935043 0.921839 0.912037 0.90879 0.913208 0.92383 0.937678 0.951833 0.964398 0.974577 0.982325 0.987966 0.991941 0.994674 0.996518 0.997743 0.998547 0.999071 0.999409 0.999625 0.999764 0.999852 0.999908 0.999945 0.999969 0.999986 1 
1 0.99999 0.999977 0.999959 0.999932 0.99989 0.999822 0.999714 0.999542 0.99927 0.99884 0.998162 0.997102 0.995456 0.992922 0.989069 0.9833 0.974836 0.962756 0.946176 0.924684 0.899183 0.872993 0.852157 0.843435 0.850417 0.870688 0.897032 0.922213 0.942361 0.956548 0.965255 0.969353 0.969625 0.966586 0.960371 0.950583 0.935999 0.914122 0.880695 0.829686 0.755746 0.66427 0.584125 0.547496 0.566162 0.632697 0.720021 0.794106 0.839166 0.853908 0.839166 0.794106 0.720021 0.632697 0.566162 0.547496 0.584125 0.66427 0.755746 0.829686 0.880695 0.914122 0.935999 0.950583 0.960371 0.966586 0.969625 0.969353 0.965255 0.956548 0.942361 0.922213 0.897032 0.870688 0.850417 0.843435 0.852157 0.872993 0.899183 0.924684 0.946176 0.962756 0.974836 0.9833 0.989069 0.992922 0.995456 0.997102 0.998162 0.99884 0.99927 0.999543 0.999715 0.999823 0.999891 0.999935 0.999963 0.999984 1 
1 0.999988 0.999974 0.999953 0.999922 0.999872 0.999791 0.999662 0.999455 0.999122 0.998589 0.997737 0.996382 0.994237 0.990864 0.985605 0.977499 0.965192 0.946906 0.920579 0.88451 0.839099 0.789929 0.749387 0.732103 0.746215 0.786955 0.838195 0.884283 0.918926 0.942308 0.956645 0.964176 0.966586 0.964885 0.95935 0.94933 0.93285 0.905898 0.861382 0.788309 0.67581 0.537049 0.429835 0.387052 0.40714 0.48861 0.613599 0.727309 0.795678 0.817587 0.795678 0.727309 0.613599 0.48861 0.40714 0.387052 0.429835 0.537049 0.67581 0.788309 0.861382 0.905898 0.93285 0.94933 0.95935 0.964885 0.966586 0.964176 0.956645 0.942308 0.918926 0.884283 0.838195 0.786955 0.746215 0.732103 0.749387 0.789929 0.839099 0.88451 0.920579 0.946906 0.965192 0.977499 0.985605 0.990864 0.994237 0.996382 0.997737 0.998589 0.999122 0.999455 0.999663 0.999792 0.999873 0.999924 0.999958 0.999981 1 
1 0.999987 0.999971 0.999947 0.999911 0.999854 0.999761 0.999611 0.999368 0.998972 0.998331 0.997294 0.99562 0.992922 0.988595 0.981688 0.97074 0.95356 0.926983 0.886811 0.828589 0.751234 0.665201 0.595116 0.565796 0.589809 0.662171 0.754501 0.833763 0.889305 0.924602 0.945421 0.956326 0.960371 0.95935 0.95392 0.94344 0.925454 0.894725 0.841637 0.750779 0.608405 0.444736 0.338438 0.300901 0.316917 0.390808 0.527109 0.670209 0.759186 0.787594 0.759186 0.670209 0.527109 0.390808 0.316917 0.300901 0.338438 0.444736 0.608405 0.750779 0.841637 0.894725 0.925454 0.94344 0.95392 0.95935 0.960371 0.956326 0.945421 0.924602 0.889305 0.833763 0.754501 0.662171 0.589809 0.565796 0.595116 0.665201 0.751234 0.828589 0.886811 0.926983 0.95356 0.97074 0.981688 0.988595 0.992922 0.99562 0.997295 0.998332 0.998972 0.999368 0.999612 0.999763 0.999856 0.999914 0.999952 0.999979 1 
1 0.999986 0.999968 0.999942 0.999902 0.999838 0.999734 0.999564 0.999286 0.998831 0.998087 0.996868 0.994874 0.991614 0.986291 0.977616 0.963519 0.940722 0.904145 0.846416 0.759075 0.641524 0.519973 0.434772 0.403499 0.430945 0.522755 0.657319 0.776716 0.856934 0.90521 0.932317 0.945856 0.950583 0.94933 0.94344 0.932643 0.914458 0.8831 0.827767 0.731287 0.579913 0.412767 0.311046 0.27561 0.287745 0.353518 0.487688 0.641976 0.740965 0.772679 0.740965 0.641976 0.487688 0.353518 0.287745 0.27561 0.311046 0.412767 0.579913 0.731287 0.827767 0.8831 0.914458 0.932643 0.94344 0.94933 0.950583 0.945856 0.932317 0.90521 0.856934 0.776716 0.657319 0.522755 0.430945 0.403499 0.434772 0.519973 0.641524 0.759075 0.846416 0.904145 0.940722 0.963519 0.977616 0.986291 0.991614 0.994874 0.996868 0.998087 0.998832 0.999287 0.999565 0.999735 0.99984 0.999906 0.999948 0.999977 1 
1 0.999985 0.999966 0.999938 0.999895 0.999825 0.999711 0.999524 0.999217 0.998711 0.997877 0.996498 0.994219 0.990447 0.984198 0.973841 0.956664 0.928193 0.881167 0.80465 0.687254 0.538306 0.4112 0.340205 0.318907 0.344091 0.430714 0.580401 0.728338 0.828533 0.886997 0.918243 0.932469 0.935999 0.93285 0.925454 0.914458 0.897921 0.870267 0.821039 0.734164 0.596197 0.437318 0.332443 0.292176 0.302182 0.368401 0.5021 0.652042 0.747355 0.777866 0.747355 0.652042 0.5021 0.368401 0.302182 0.292176 0.332443 0.437318 0.596197 0.734164 0.821039 0.870267 0.897921 0.914458 0.925454 0.93285 0.935999 0.932469 0.918243 0.886997 0.828533 0.728338 0.580401 0.430714 0.344091 0.318907 0.340205 0.4112 0.538306 0.687254 0.80465 0.881167 0.928193 0.956664 0.973841 0.984198 0.990447 0.994219 0.996498 0.997877 0.998712 0.999218 0.999525 0.999712 0.999827 0.999898 0.999944 0.999975 1 
1 0.999984 0.999964 0.999935 0.999889 0.999815 0.999695 0.999496 0.999167 0.998624 0.997722 0.996224 0.99373 0.989566 0.982597 0.970902 0.951218 0.918005 0.862023 0.769334 0.628413 0.466227 0.353474 0.302284 0.292112 0.318109 0.398437 0.545976 0.702374 0.810514 0.87256 0.903714 0.915155 0.914122 0.905898 0.894725 0.8831 0.870267 0.851182 0.816298 0.752183 0.646842 0.513432 0.407179 0.358908 0.368608 0.440706 0.569579 0.69773 0.776411 0.801601 0.776411 0.69773 0.569579 0.440706 0.368608 0.358908 0.407179 0.513432 0.646842 0.752183 0.816298 0.851182 0.870267 0.8831 0.894725 0.905898 0.914122 0.915155 0.903714 0.87256 0.810515 0.702374 0.545976 0.398437 0.318109 0.292112 0.302284 0.353474 0.466227 0.628413 0.769334 0.862023 0.918005 0.951218 0.970902 0.982597 0.989566 0.99373 0.996225 0.997723 0.998624 0.999168 0.999497 0.999696 0.999818 0.999893 0.999941 0.999974 1 
1 0.999984 0.999963 0.999933 0.999886 0.99981 0.999686 0.999481 0.999141 0.998578 0.997642 0.996082 0.993473 0.989099 0.981739 0.969302 0.948191 0.912195 0.850777 0.748075 0.593537 0.428421 0.328612 0.290944 0.290384 0.322804 0.406274 0.551164 0.701654 0.805128 0.862829 0.88836 0.891935 0.880695 0.861382 0.841637 0.827767 0.821039 0.816298 0.803507 0.770864 0.709345 0.622768 0.539841 0.494984 0.505461 0.572683 0.67359 0.763707 0.818664 0.836528 0.818664 0.763707 0.67359 0.572683 0.505461 0.494984 0.539841 0.622768 0.709345 0.770864 0.803507 0.816298 0.821039 0.827767 0.841637 0.861382 0.880695 0.891935 0.88836 0.862829 0.805128 0.701654 0.551164 0.406274 0.322804 0.290384 0.290944 0.328612 0.428421 0.593537 0.748075 0.850777 0.912195 0.948191 0.969302 0.981739 0.989099 0.993473 0.996082 0.997642 0.998579 0.999142 0.999482 0.999687 0.999813 0.99989 0.999939 0.999973 1 
1 0.999983 0.999963 0.999933 0.999886 0.99981 0.999686 0.999481 0.999142 0.998579 0.997645 0.996088 0.993486 0.989122 0.981778 0.969362 0.94826 0.912203 0.850455 0.746639 0.589675 0.42308 0.325667 0.293143 0.300845 0.345452 0.441485 0.585704 0.721319 0.81066 0.857073 0.871143 0.860166 0.829686 0.788309 0.750779 0.731287 0.734164 0.752183 0.770864 0.775693 0.758878 0.722867 0.682643 0.660055 0.670861 0.715231 0.775628 0.82884 0.862438 0.873668 0.862438 0.82884 0.775628 0.715231 0.670861 0.660055 0.682643 0.722867 0.758878 0.775693 0.770864 0.752183 0.734164 0.731287 0.750779 0.788309 0.829686 0.860166 0.871143 0.857073 0.81066 0.721319 0.585704 0.441485 0.345452 0.300845 0.293143 0.325667 0.42308 0.589674 0.746639 0.850455 0.912203 0.94826 0.969362 0.981778 0.989122 0.993486 0.996088 0.997645 0.99858 0.999142 0.999481 0.999687 0.999812 0.99989 0.999939 0.999973 1 
1 0.999984 0.999964 0.999934 0.999888 0.999814 0.999694 0.999495 0.999168 0.998627 0.99773 0.996243 0.993767 0.989636 0.982722 0.971106 0.951512 0.918306 0.861915 0.767507 0.622563 0.45827 0.353065 0.317665 0.332509 0.3936 0.504923 0.642118 0.754776 0.82383 0.854063 0.851498 0.818225 0.755746 0.67581 0.608405 0.579913 0.596197 0.646842 0.709345 0.758878 0.784262 0.78871 0.783236 0.781338 0.79284 0.818839 0.851632 0.880925 0.900134 0.906719 0.900134 0.880925 0.851632 0.818839 0.79284 0.781338 0.783236 0.78871 0.784262 0.758878 0.709345 0.646842 0.596197 0.579913 0.608405 0.67581 0.755746 0.818225 0.851498 0.854063 0.82383 0.754776 0.642118 0.504923 0.3936 0.332509 0.317665 0.353065 0.45827 0.622563 0.767507 0.861915 0.918306 0.951512 0.971107 0.982722 0.989636 0.993767 0.996243 0.997731 0.998627 0.999168 0.999496 0.999695 0.999817 0.999892 0.99994 0.999973 1 
1 0.999984 0.999965 0.999937 0.999893 0.999823 0.999709 0.999522 0.999217 0.998714 0.997887 0.996524 0.994276 0.990561 0.984413 0.974228 0.95733 0.929278 0.882804 0.806916 0.690649 0.547121 0.436646 0.393966 0.413569 0.487379 0.599646 0.712775 0.795442 0.841416 0.85335 0.831183 0.76965 0.66427 0.537049 0.444736 0.412767 0.437318 0.513432 0.622768 0.722867 0.78871 0.824324 0.842117 0.853646 0.866621 0.883497 0.902111 0.918449 0.929325 0.933105 0.929325 0.918449 0.902111 0.883497 0.866621 0.853646 0.842117 0.824324 0.78871 0.722867 0.622768 0.513432 0.437318 0.412767 0.444736 0.537049 0.66427 0.76965 0.831183 0.85335 0.841416 0.795442 0.712775 0.599646 0.487379 0.413569 0.393966 0.436646 0.547121 0.690649 0.806916 0.882804 0.929278 0.95733 0.974228 0.984413 0.990561 0.994276 0.996524 0.997887 0.998714 0.999217 0.999523 0.99971 0.999825 0.999897 0.999943 0.999974 1 
1 0.999985 0.999967 0.99994 0.9999 0.999835 0.99973 0.99956 0.999282 0.998831 0.998095 0.996896 0.994941 0.991758 0.98658 0.978174 0.964576 0.942711 0.907936 0.85391 0.774779 0.675485 0.587159 0.546073 0.562899 0.626175 0.709709 0.784961 0.836579 0.86083 0.855851 0.815549 0.727506 0.584125 0.429835 0.338438 0.311046 0.332443 0.407179 0.539841 0.682643 0.783236 0.842117 0.875053 0.894863 0.909448 0.922443 0.934357 0.944137 0.950539 0.952759 0.950539 0.944137 0.934357 0.922443 0.909448 0.894863 0.875053 0.842117 0.783236 0.682643 0.539841 0.407179 0.332443 0.311046 0.338438 0.429835 0.584125 0.727506 0.815549 0.855851 0.86083 0.836579 0.784961 0.709709 0.626175 0.562899 0.546073 0.587159 0.675485 0.774779 0.85391 0.907936 0.942711 0.964576 0.978174 0.98658 0.991758 0.994941 0.996896 0.998095 0.998831 0.999283 0.99956 0.999731 0.999837 0.999903 0.999946 0.999976 1 
1 0.999986 0.999969 0.999945 0.999907 0.999849 0.999754 0.999602 0.999358 0.998964 0.99833 0.997312 0.995678 0.993066 0.988907 0.982328 0.972014 0.956064 0.931922 0.89669 0.848643 0.791498 0.739862 0.713492 0.721716 0.75762 0.80436 0.845908 0.872889 0.880399 0.863169 0.811371 0.708667 0.547496 0.387052 0.300901 0.27561 0.292176 0.358908 0.494984 0.660055 0.781338 0.853646 0.894863 0.919091 0.934699 0.946008 0.954756 0.961272 0.96535 0.966742 0.96535 0.961272 0.954756 0.946008 0.934699 0.919091 0.894863 0.853646 0.781338 0.660055 0.494984 0.358908 0.292176 0.27561 0.300901 0.387052 0.547496 0.708667 0.811371 0.863169 0.880399 0.872889 0.845908 0.80436 0.75762 0.721716 0.713492 0.739862 0.791498 0.848643 0.89669 0.931922 0.956064 0.972014 0.982328 0.988907 0.993066 0.995678 0.997312 0.998331 0.998964 0.999358 0.999603 0.999755 0.999851 0.999911 0.99995 0.999978 1 
1 0.999987 0.999971 0.999949 0.999916 0.999863 0.99978 0.999647 0.999436 0.9991 0.998569 0.997728 0.996406 0.994336 0.991124 0.986187 0.978713 0.967627 0.951682 0.929807 0.902018 0.871105 0.844036 0.829564 0.832163 0.848791 0.871319 0.891266 0.90227 0.899249 0.875956 0.822061 0.721594 0.566162 0.40714 0.316917 0.287745 0.302182 0.368608 0.505461 0.670861 0.79284 0.866621 0.909448 0.934699 0.950305 0.960594 0.967708 0.972552 0.975422 0.976378 0.975422 0.972552 0.967708 0.960594 0.950305 0.934699 0.909448 0.866621 0.79284 0.670861 0.505461 0.368608 0.302182 0.287745 0.316917 0.40714 0.566162 0.721594 0.822061 0.875956 0.899249 0.90227 0.891266 0.871319 0.848791 0.832163 0.829564 0.844036 0.871105 0.902018 0.929807 0.951682 0.967627 0.978713 0.986187 0.991124 0.994336 0.996406 0.997728 0.998569 0.999101 0.999436 0.999648 0.999781 0.999865 0.999919 0.999954 0.999979 1 
1 0.999988 0.999974 0.999954 0.999924 0.999877 0.999804 0.999689 0.999509 0.999227 0.998788 0.998108 0.99706 0.995459 0.993041 0.98944 0.984181 0.976702 0.966453 0.953151 0.937237 0.920492 0.90625 0.898251 0.89835 0.905174 0.914869 0.92286 0.924876 0.916661 0.892756 0.844839 0.760882 0.632697 0.48861 0.390808 0.353518 0.368401 0.440706 0.572683 0.715231 0.818839 0.883497 0.922443 0.946008 0.960594 0.969913 0.976007 0.979917 0.982133 0.982854 0.982133 0.979917 0.976007 0.969913 0.960594 0.946008 0.922443 0.883497 0.818839 0.715231 0.572683 0.440706 0.368401 0.353518 0.390808 0.48861 0.632697 0.760882 0.844839 0.892756 0.916661 0.924876 0.92286 0.914869 0.905174 0.89835 0.898251 0.90625 0.920492 0.937237 0.953151 0.966453 0.976702 0.984181 0.98944 0.993041 0.995459 0.99706 0.998108 0.998789 0.999228 0.999509 0.99969 0.999805 0.999879 0.999926 0.999958 0.999981 1 
1 0.999989 0.999976 0.999958 0.99993 0.999889 0.999825 0.999725 0.999572 0.999335 0.998973 0.998424 0.997596 0.996365 0.994558 0.991952 0.988282 0.98327 0.976702 0.968579 0.95932 0.949964 0.942115 0.937386 0.936495 0.938716 0.942072 0.943955 0.941534 0.931659 0.910347 0.872149 0.810187 0.720021 0.613599 0.527109 0.487688 0.5021 0.569579 0.67359 0.775628 0.851632 0.902111 0.934357 0.954756 0.967708 0.976007 0.981338 0.984664 0.986499 0.987087 0.986499 0.984664 0.981338 0.976007 0.967708 0.954756 0.934357 0.902111 0.851632 0.775628 0.67359 0.569579 0.5021 0.487688 0.527109 0.613599 0.720021 0.810187 0.872149 0.910347 0.931659 0.941534 0.943955 0.942072 0.938716 0.936495 0.937386 0.942115 0.949964 0.95932 0.968579 0.976702 0.98327 0.988282 0.991952 0.994558 0.996365 0.997597 0.998424 0.998973 0.999335 0.999572 0.999726 0.999826 0.999891 0.999933 0.999962 0.999983 1 
1 0.99999 0.999977 0.999961 0.999936 0.999898 0.999841 0.999753 0.999619 0.999417 0.999112 0.998658 0.997991 0.997021 0.995637 0.993704 0.991073 0.987613 0.983259 0.97809 0.972419 0.96684 0.962146 0.95905 0.957799 0.957925 0.958285 0.957269 0.952969 0.943177 0.925255 0.896096 0.852639 0.794106 0.727309 0.670209 0.641976 0.652042 0.69773 0.763707 0.82884 0.880925 0.918449 0.944137 0.961272 0.972552 0.979917 0.984664 0.987602 0.989205 0.989714 0.989205 0.987602 0.984664 0.979917 0.972552 0.961272 0.944137 0.918449 0.880925 0.82884 0.763707 0.69773 0.652042 0.641976 0.670209 0.727309 0.794106 0.852639 0.896096 0.925255 0.943177 0.952969 0.957269 0.958285 0.957925 0.957799 0.95905 0.962146 0.96684 0.972419 0.97809 0.983259 0.987613 0.991073 0.993704 0.995637 0.997021 0.997991 0.998658 0.999112 0.999417 0.99962 0.999754 0.999842 0.9999 0.999938 0.999965 0.999984 1 
