1 1 1 1 1 1 1 1 1 1 1 1 1 1 1 1 1 1 1 1 1 1 1 1 1 1 1 1 1 1 1 1 1 1 1 1 1 1 1 1 1 1 1 1 1 1 1 1 1 1 1 1 1 1 1 1 1 1 1 1 1 1 1 1 1 1 1 1 1 1 1 1 1 1 1 1 1 1 1 1 1 1 1 1 1 1 1 1 1 1 1 1 1 1 1 1 1 1 1 1 
1 1 1 1 1 1 0.999999 0.999999 0.999999 0.999998 0.999998 0.999997 0.999995 0.999993 0.99999 0.999987 0.999982 0.999975 0.999966 0.999955 0.999942 0.999925 0.999906 0.999884 0.999861 0.999835 0.999809 0.99978 0.999749 0.999713 0.999666 0.9996 0.999508 0.999376 0.999191 0.998943 0.998621 0.998229 0.997779 0.997308 0.996867 0.996521 0.996326 0.996315 0.996481 0.996779 0.997145 0.997506 0.997806 0.998001 0.998069 0.998001 0.997806 0.997506 0.997145 0.996779 0.996481 0.996315 0.996326 0.996521 0.996867 0.997308 0.997779 0.998229 0.998621 0.998943 0.999191 0.999376 0.999508 0.9996 0.999666 0.999713 0.999749 0.99978 0.999809 0.999835 0.999861 0.999884 0.999906 0.999925 0.999942 0.999955 0.999966 0.999975 0.999982 0.999987 0.99999 0.999993 0.999995 0.999997 0.999998 0.999998 0.999999 0.999999 0.999999 1 1 1 1 1 
1 1 1 1 0.999999 0.999999 0.999999 0.999998 0.999997 0.999996 0.999995 0.999993 0.99999 0.999985 0.999979 0.999971 0.99996 0.999946 0.999927 0.999902 0.999872 0.999835 0.999792 0.999743 0.999689 0.999632 0.999572 0.99951 0.999444 0.999367 0.999269 0.999132 0.998936 0.998653 0.998251 0.997699 0.996975 0.996075 0.995029 0.993915 0.992858 0.99202 0.991551 0.991536 0.991958 0.992701 0.993596 0.994471 0.995189 0.995654 0.995814 0.995654 0.995189 0.994471 0.993596 0.992701 0.991958 0.991536 0.991551 0.99202 0.992858 0.993915 0.995029 0.996075 0.996975 0.997699 0.998251 0.998653 0.998936 0.999132 0.999269 0.999367 0.999444 0.99951 0.999572 0.999632 0.999689 0.999743 0.999792 0.999835 0.999872 0.999902 0.999927 0.999946 0.99996 0.999971 0.999979 0.999985 0.99999 0.999993 0.999995 0.999996 0.999997 0.999998 0.999999 0.999999 0.999999 1 1 1 
1 1 1 0.999999 0.999999 0.999999 0.999998 0.999997 0.999996 0.999994 0.999991 0.999988 0.999983 0.999976 0.999966 0.999952 0.999933 0.999908 0.999874 0.999831 0.999777 0.99971 0.999632 0.999542 0.999444 0.99934 0.999234 0.999126 0.999015 0.99889 0.998733 0.998516 0.998197 0.997723 0.997034 0.996065 0.994761 0.993097 0.991113 0.988944 0.986843 0.985152 0.984211 0.984214 0.985121 0.986673 0.988503 0.990258 0.99167 0.992574 0.992884 0.992574 0.99167 0.990258 0.988503 0.986673 0.985121 0.984214 0.984211 0.985152 0.986843 0.988944 0.991113 0.993097 0.994761 0.996065 0.997034 0.997723 0.998197 0.998516 0.998733 0.99889 0.999015 0.999126 0.999234 0.99934 0.999444 0.999542 0.999632 0.99971 0.999777 0.999831 0.999874 0.999908 0.999933 0.999952 0.999966 0.999976 0.999983 0.999988 0.999991 0.999994 0.999996 0.999997 0.999998 0.999999 0.999999 0.999999 1 1 
1 1 0.999999 0.999999 0.999998 0.999998 0.999997 0.999995 0.999994 0.999991 0.999987 0.999982 0.999974 0.999963 0.999947 0.999926 0.999896 0.999855 0.999801 0.999729 0.999639 0.999527 0.999392 0.999238 0.999068 0.998889 0.998709 0.998533 0.99836 0.998177 0.997955 0.997645 0.997178 0.99646 0.995378 0.993805 0.991617 0.988731 0.985168 0.98114 0.977118 0.97381 0.971968 0.972044 0.973946 0.977088 0.980681 0.984031 0.986665 0.988322 0.988884 0.988322 0.986665 0.984031 0.980681 0.977088 0.973946 0.972044 0.971968 0.97381 0.977118 0.98114 0.985168 0.988731 0.991617 0.993805 0.995378 0.99646 0.997178 0.997645 0.997955 0.998177 0.99836 0.998533 0.998709 0.998889 0.999068 0.999238 0.999392 0.999527 0.999639 0.999729 0.999801 0.999855 0.999896 0.999926 0.999947 0.999963 0.999974 0.999982 0.999987 0.999991 0.999994 0.999996 0.999997 0.999998 0.999999 0.999999 1 1 
1 1 0.999999 0.999999 0.999998 0.999997 0.999995 0.999993 0.999991 0.999987 0.999981 0.999973 0.999962 0.999945 0.999922 0.99989 0.999844 0.999781 0.999695 0.999581 0.999434 0.999248 0.999023 0.998762 0.998472 0.998167 0.997865 0.99758 0.997318 0.997063 0.996772 0.996367 0.995732 0.994708 0.993095 0.99065 0.987112 0.982252 0.975995 0.968608 0.960924 0.954407 0.95076 0.951053 0.955057 0.961406 0.968392 0.974669 0.979452 0.982395 0.983383 0.982395 0.979452 0.974669 0.968392 0.961406 0.955057 0.951053 0.95076 0.954407 0.960924 0.968608 0.975995 0.982252 0.987112 0.99065 0.993095 0.994708 0.995732 0.996367 0.996772 0.997063 0.997318 0.99758 0.997865 0.998167 0.998472 0.998762 0.999023 0.999248 0.999434 0.999581 0.999695 0.999781 0.999844 0.99989 0.999922 0.999945 0.999962 0.999973 0.999981 0.999987 0.999991 0.999993 0.999995 0.999997 0.999998 0.999999 0.999999 1 
1 0.999999 0.999999 0.999998 0.999997 0.999995 0.999993 0.999991 0.999987 0.999981 0.999973 0.999962 0.999945 0.999922 0.999888 0.99984 0.999771 0.999675 0.999542 0.999363 0.999126 0.998823 0.998449 0.998008 0.997512 0.99699 0.996478 0.996013 0.995617 0.995276 0.994928 0.99445 0.993653 0.992277 0.989977 0.986316 0.980768 0.972783 0.961971 0.948502 0.933725 0.920646 0.913234 0.914108 0.922663 0.93559 0.949119 0.960705 0.969192 0.974268 0.975948 0.974268 0.969192 0.960705 0.949119 0.93559 0.922663 0.914108 0.913234 0.920646 0.933725 0.948502 0.961971 0.972783 0.980768 0.986316 0.989977 0.992277 0.993653 0.99445 0.994928 0.995276 0.995617 0.996013 0.996478 0.99699 0.997512 0.998008 0.998449 0.998823 0.999126 0.999363 0.999542 0.999675 0.999771 0.99984 0.999888 0.999922 0.999945 0.999962 0.999973 0.999981 0.999987 0.999991 0.999994 0.999996 0.999997 0.999998 0.999999 1 
1 0.999999 0.999998 0.999997 0.999995 0.999993 0.999991 0.999987 0.999981 0.999973 0.999962 0.999946 0.999923 0.99989 0.999841 0.999771 0.99967 0.999526 0.999323 0.999045 0.998669 0.998178 0.997559 0.996813 0.995962 0.995058 0.994175 0.993398 0.99279 0.992352 0.991994 0.991524 0.99064 0.988923 0.985813 0.980556 0.972163 0.959429 0.941147 0.916827 0.88825 0.861493 0.846034 0.848407 0.866952 0.893456 0.919479 0.94044 0.955053 0.963504 0.966254 0.963504 0.955053 0.94044 0.919479 0.893456 0.866952 0.848407 0.846034 0.861493 0.88825 0.916827 0.941147 0.959429 0.972163 0.980556 0.985813 0.988923 0.99064 0.991524 0.991994 0.992352 0.99279 0.993398 0.994175 0.995058 0.995962 0.996813 0.997559 0.998178 0.998669 0.999045 0.999323 0.999526 0.99967 0.999771 0.999841 0.99989 0.999923 0.999946 0.999962 0.999973 0.999981 0.999987 0.999991 0.999994 0.999996 0.999997 0.999999 1 
1 0.999999 0.999997 0.999996 0.999994 0.999991 0.999987 0.999981 0.999973 0.999963 0.999947 0.999925 0.999893 0.999846 0.999777 0.999677 0.99953 0.999318 0.999015 0.998587 0.997998 0.997209 0.996189 0.994929 0.993461 0.991876 0.990324 0.988989 0.988029 0.98749 0.987246 0.986988 0.986233 0.984332 0.980408 0.973251 0.961138 0.941672 0.911841 0.86897 0.81424 0.759659 0.727706 0.733657 0.773187 0.826799 0.875761 0.912418 0.936534 0.949954 0.954238 0.949954 0.936534 0.912418 0.875761 0.826799 0.773187 0.733657 0.727706 0.759659 0.81424 0.86897 0.911841 0.941672 0.961138 0.973251 0.980408 0.984332 0.986233 0.986988 0.987246 0.98749 0.988029 0.988989 0.990324 0.991876 0.993461 0.994929 0.996189 0.997209 0.997998 0.998587 0.999015 0.999318 0.99953 0.999677 0.999777 0.999846 0.999893 0.999925 0.999947 0.999963 0.999974 0.999981 0.999987 0.999991 0.999994 0.999996 0.999998 1 
1 0.999998 0.999996 0.999994 0.999991 0.999987 0.999981 0.999973 0.999963 0.999947 0.999926 0.999895 0.999851 0.999786 0.999691 0.99955 0.999342 0.999035 0.998587 0.997942 0.997031 0.995776 0.994108 0.991986 0.989445 0.986635 0.983847 0.981481 0.979907 0.979287 0.97944 0.979843 0.979714 0.978059 0.973595 0.964519 0.948106 0.920138 0.87433 0.803023 0.704492 0.603492 0.546991 0.558942 0.631536 0.730302 0.816458 0.876657 0.914015 0.934021 0.940291 0.934021 0.914015 0.876657 0.816458 0.730302 0.631536 0.558942 0.546991 0.603492 0.704492 0.803023 0.87433 0.920138 0.948106 0.964519 0.973595 0.978059 0.979714 0.979843 0.97944 0.979287 0.979907 0.981481 0.983847 0.986635 0.989445 0.991986 0.994108 0.995776 0.997031 0.997942 0.998587 0.999035 0.999342 0.99955 0.999691 0.999786 0.999851 0.999895 0.999926 0.999947 0.999963 0.999974 0.999981 0.999987 0.999991 0.999995 0.999998 1 
1 0.999998 0.999995 0.999991 0.999987 0.999981 0.999973 0.999962 0.999947 0.999926 0.999896 0.999854 0.999793 0.999705 0.999575 0.999381 0.999091 0.998657 0.99801 0.997055 0.99567 0.993705 0.991006 0.987455 0.983051 0.97802 0.972913 0.968575 0.965877 0.965258 0.966426 0.968427 0.969935 0.969446 0.965192 0.954744 0.934297 0.897495 0.833834 0.728913 0.580547 0.443022 0.378618 0.392747 0.480582 0.619212 0.748199 0.836529 0.889336 0.916844 0.925348 0.916844 0.889336 0.836529 0.748199 0.619212 0.480582 0.392747 0.378618 0.443022 0.580547 0.728913 0.833834 0.897495 0.934297 0.954744 0.965192 0.969446 0.969935 0.968427 0.966426 0.965258 0.965877 0.968575 0.972913 0.97802 0.983051 0.987455 0.991006 0.993705 0.99567 0.997055 0.99801 0.998657 0.999091 0.999381 0.999575 0.999705 0.999793 0.999854 0.999896 0.999926 0.999947 0.999963 0.999974 0.999982 0.999988 0.999993 0.999997 1 
1 0.999997 0.999993 0.999988 0.999982 0.999973 0.999962 0.999946 0.999925 0.999895 0.999854 0.999796 0.999714 0.999595 0.999419 0.999158 0.998762 0.998162 0.997249 0.995871 0.993812 0.990798 0.986504 0.980625 0.973016 0.963947 0.954405 0.946183 0.941324 0.940946 0.944479 0.949991 0.955086 0.95748 0.954893 0.944427 0.921504 0.878215 0.801079 0.672384 0.498667 0.36076 0.304448 0.315537 0.391975 0.533882 0.687709 0.798856 0.865563 0.90009 0.910715 0.90009 0.865563 0.798856 0.687709 0.533882 0.391975 0.315536 0.304448 0.36076 0.498667 0.672384 0.801079 0.878215 0.921504 0.944427 0.954893 0.95748 0.955086 0.949991 0.944479 0.940946 0.941324 0.946183 0.954405 0.963947 0.973016 0.980625 0.986504 0.990798 0.993812 0.995871 0.997249 0.998162 0.998762 0.999158 0.999419 0.999595 0.999714 0.999796 0.999854 0.999895 0.999925 0.999947 0.999962 0.999974 0.999983 0.99999 0.999995 1 
1 0.999995 0.99999 0.999983 0.999974 0.999962 0.999945 0.999923 0.999893 0.999851 0.999793 0.999714 0.999602 0.999443 0.99921 0.998864 0.998338 0.99753 0.99628 0.994347 0.991376 0.986874 0.980203 0.970643 0.957623 0.941234 0.923086 0.906978 0.897799 0.898328 0.907208 0.920122 0.932441 0.940662 0.942104 0.933806 0.911125 0.865931 0.784575 0.650856 0.478204 0.348826 0.296168 0.301916 0.36359 0.490136 0.646282 0.769039 0.845311 0.885278 0.897626 0.885278 0.845311 0.769039 0.646282 0.490136 0.36359 0.301916 0.296168 0.348826 0.478204 0.650856 0.784575 0.865931 0.911125 0.933806 0.942104 0.940662 0.932441 0.920122 0.907208 0.898328 0.897799 0.906978 0.923086 0.941234 0.957623 0.970643 0.980203 0.986874 0.991376 0.994347 0.99628 0.99753 0.998338 0.998864 0.99921 0.999443 0.999602 0.999714 0.999793 0.999851 0.999893 0.999924 0.999946 0.999963 0.999975 0.999985 0.999993 1 
1 0.999993 0.999985 0.999976 0.999963 0.999945 0.999922 0.99989 0.999846 0.999786 0.999705 0.999595 0.999443 0.99923 0.998925 0.998475 0.997794 0.996739 0.995084 0.992468 0.988333 0.981847 0.971824 0.956719 0.934875 0.905434 0.870516 0.838099 0.820124 0.823351 0.844102 0.872185 0.898255 0.917028 0.925894 0.922588 0.903313 0.861052 0.784175 0.659827 0.500298 0.37428 0.316621 0.313977 0.36261 0.472093 0.620486 0.747149 0.829339 0.873235 0.886892 0.873235 0.829339 0.747149 0.620486 0.472093 0.36261 0.313977 0.316621 0.37428 0.500298 0.659827 0.784175 0.861052 0.903313 0.922588 0.925894 0.917028 0.898255 0.872185 0.844102 0.823351 0.820124 0.838099 0.870516 0.905434 0.934875 0.956719 0.971824 0.981847 0.988333 0.992468 0.995084 0.996739 0.997794 0.998475 0.998925 0.99923 0.999443 0.999595 0.999705 0.999786 0.999846 0.99989 0.999923 0.999947 0.999965 0.999979 0.99999 1 
1 0.99999 0.999979 0.999966 0.999947 0.999922 0.999888 0.999841 0.999777 0.999691 0.999575 0.999419 0.99921 0.998925 0.998526 0.99795 0.997089 0.995759 0.993651 0.99026 0.984762 0.975845 0.961474 0.938639 0.903338 0.85175 0.785258 0.720611 0.686175 0.696146 0.741004 0.798018 0.848406 0.884562 0.90521 0.910048 0.897102 0.861312 0.793734 0.684251 0.539715 0.411541 0.341709 0.326909 0.362944 0.458388 0.599961 0.729852 0.817072 0.864249 0.878984 0.864249 0.817072 0.729852 0.599961 0.458388 0.362944 0.326909 0.341709 0.411541 0.539715 0.684251 0.793734 0.861312 0.897102 0.910048 0.90521 0.884562 0.848406 0.798018 0.741004 0.696146 0.686175 0.720611 0.785257 0.85175 0.903338 0.938639 0.961474 0.975845 0.984762 0.99026 0.993651 0.995759 0.997089 0.99795 0.998526 0.998925 0.99921 0.99942 0.999575 0.999691 0.999778 0.999842 0.999889 0.999924 0.99995 0.99997 0.999986 1 
1 0.999987 0.999971 0.999952 0.999926 0.99989 0.99984 0.999771 0.999677 0.99955 0.999381 0.999158 0.998864 0.998475 0.99795 0.997218 0.996153 0.994531 0.991964 0.987786 0.980869 0.969323 0.949996 0.917711 0.864406 0.779927 0.663034 0.550814 0.497717 0.517947 0.595331 0.694586 0.781094 0.842276 0.879361 0.895433 0.891208 0.863959 0.807146 0.712081 0.57948 0.445091 0.358147 0.328268 0.351893 0.437256 0.577983 0.715045 0.808378 0.858755 0.874441 0.858755 0.808378 0.715045 0.577983 0.437256 0.351893 0.328268 0.358147 0.445091 0.57948 0.712081 0.807146 0.863959 0.891208 0.895433 0.879361 0.842276 0.781094 0.694586 0.595332 0.517947 0.497717 0.550814 0.663034 0.779927 0.864405 0.917711 0.949995 0.969323 0.980869 0.987786 0.991964 0.994531 0.996153 0.997218 0.99795 0.998475 0.998864 0.999158 0.999381 0.99955 0.999677 0.999772 0.999841 0.999892 0.99993 0.999958 0.99998 1 
1 0.999982 0.99996 0.999933 0.999896 0.999844 0.999771 0.99967 0.99953 0.999342 0.999091 0.998762 0.998338 0.997794 0.997089 0.996153 0.994853 0.992938 0.989954 0.985093 0.976947 0.963062 0.93915 0.897685 0.825824 0.705984 0.539968 0.403096 0.350878 0.37287 0.456688 0.581202 0.702136 0.791603 0.848432 0.8783 0.88469 0.867235 0.821413 0.739141 0.615587 0.47287 0.365664 0.319294 0.33192 0.411756 0.557899 0.705509 0.805047 0.857881 0.874174 0.857881 0.805047 0.705509 0.557899 0.411756 0.33192 0.319294 0.365664 0.47287 0.615587 0.739141 0.821413 0.867235 0.88469 0.8783 0.848432 0.791603 0.702136 0.581202 0.456688 0.37287 0.350878 0.403096 0.539967 0.705984 0.825824 0.897685 0.93915 0.963062 0.976947 0.985093 0.989954 0.992938 0.994853 0.996153 0.997089 0.997794 0.998338 0.998763 0.999091 0.999342 0.999531 0.999671 0.999773 0.999847 0.999901 0.999941 0.999973 1 
1 0.999975 0.999946 0.999908 0.999855 0.999781 0.999675 0.999526 0.999318 0.999035 0.998657 0.998162 0.99753 0.996739 0.995759 0.994531 0.992938 0.99073 0.987421 0.982115 0.97321 0.95788 0.931102 0.883884 0.800623 0.660866 0.475986 0.342659 0.296058 0.311186 0.377474 0.491276 0.623855 0.735648 0.812876 0.858435 0.877074 0.870519 0.836244 0.767052 0.654217 0.50695 0.379367 0.316095 0.320605 0.400625 0.555176 0.709635 0.810731 0.863219 0.879237 0.863219 0.810731 0.709635 0.555176 0.400625 0.320605 0.316095 0.379367 0.506949 0.654217 0.767052 0.836244 0.870519 0.877074 0.858435 0.812876 0.735648 0.623855 0.491276 0.377474 0.311186 0.296058 0.342659 0.475986 0.660865 0.800623 0.883884 0.931102 0.95788 0.97321 0.982115 0.987421 0.99073 0.992938 0.994531 0.995759 0.996739 0.99753 0.998162 0.998657 0.999036 0.99932 0.999528 0.999678 0.999785 0.999862 0.999918 0.999962 1 
1 0.999966 0.999927 0.999874 0.999801 0.999695 0.999542 0.999323 0.999015 0.998587 0.99801 0.997249 0.99628 0.995084 0.993651 0.991964 0.989954 0.987421 0.983905 0.978494 0.969527 0.954094 0.927106 0.879661 0.796818 0.660182 0.482461 0.352125 0.300618 0.302674 0.345709 0.431594 0.552141 0.675225 0.772247 0.835515 0.868163 0.873717 0.852161 0.798565 0.703828 0.566778 0.42811 0.349334 0.349124 0.434509 0.591172 0.736511 0.828421 0.875629 0.889996 0.875629 0.828421 0.73651 0.591172 0.434509 0.349124 0.349334 0.42811 0.566777 0.703828 0.798565 0.852161 0.873717 0.868163 0.835515 0.772247 0.675225 0.552141 0.431594 0.345709 0.302674 0.300618 0.352125 0.48246 0.660182 0.796818 0.879661 0.927106 0.954094 0.969527 0.978494 0.983905 0.987421 0.989954 0.991964 0.993652 0.995084 0.996281 0.99725 0.99801 0.998588 0.999016 0.999326 0.999546 0.999701 0.99981 0.999888 0.999949 1 
1 0.999955 0.999902 0.999831 0.999729 0.999581 0.999363 0.999045 0.998587 0.997942 0.997055 0.995871 0.994347 0.992468 0.99026 0.987786 0.985093 0.982115 0.978494 0.973377 0.96516 0.951086 0.926558 0.883979 0.811392 0.69463 0.539465 0.407468 0.33845 0.318809 0.335184 0.38862 0.483872 0.607919 0.725115 0.809288 0.858044 0.876755 0.86882 0.833215 0.764732 0.659906 0.539176 0.458101 0.456432 0.540398 0.672843 0.785423 0.856562 0.8938 0.905272 0.8938 0.856562 0.785423 0.672842 0.540398 0.456432 0.458101 0.539175 0.659906 0.764732 0.833215 0.86882 0.876755 0.858044 0.809288 0.725115 0.607919 0.483872 0.38862 0.335184 0.318809 0.338449 0.407468 0.539465 0.694629 0.811392 0.883979 0.926558 0.951085 0.965159 0.973377 0.978494 0.982115 0.985093 0.987785 0.99026 0.992468 0.994347 0.995871 0.997056 0.997944 0.998589 0.999048 0.999368 0.999589 0.999741 0.99985 0.999931 1 
1 0.999942 0.999872 0.999777 0.999639 0.999434 0.999126 0.998669 0.997998 0.997031 0.99567 0.993812 0.991376 0.988333 0.984762 0.980869 0.976947 0.97321 0.969527 0.96516 0.95857 0.947223 0.927204 0.892577 0.83472 0.743611 0.618382 0.489568 0.396436 0.345924 0.33111 0.351631 0.417108 0.533871 0.672085 0.781057 0.847686 0.87968 0.884803 0.866597 0.825281 0.761636 0.687152 0.633485 0.633153 0.689616 0.7712 0.841341 0.888376 0.914257 0.922436 0.914257 0.888376 0.841341 0.771199 0.689616 0.633153 0.633485 0.687151 0.761635 0.825281 0.866597 0.884804 0.87968 0.847686 0.781058 0.672085 0.533871 0.417108 0.351631 0.33111 0.345923 0.396435 0.489568 0.618382 0.743611 0.83472 0.892576 0.927204 0.947223 0.95857 0.965159 0.969527 0.97321 0.976947 0.980869 0.984762 0.988333 0.991376 0.993813 0.995671 0.997033 0.998001 0.998673 0.999132 0.999443 0.999654 0.999801 0.999909 1 
1 0.999925 0.999835 0.99971 0.999527 0.999248 0.998823 0.998178 0.997209 0.995776 0.993705 0.990798 0.986874 0.981847 0.975845 0.969323 0.963062 0.95788 0.954094 0.951086 0.947223 0.939989 0.925978 0.900617 0.857839 0.79055 0.694504 0.57833 0.466268 0.380887 0.331633 0.321395 0.359746 0.464813 0.621817 0.756296 0.839878 0.883218 0.89886 0.89429 0.873586 0.840603 0.803506 0.777772 0.778697 0.807553 0.849641 0.888513 0.916756 0.933228 0.938587 0.933228 0.916756 0.888513 0.849641 0.807553 0.778697 0.777772 0.803506 0.840603 0.873586 0.89429 0.89886 0.883218 0.839878 0.756296 0.621817 0.464813 0.359746 0.321395 0.331633 0.380887 0.466267 0.578329 0.694504 0.79055 0.857839 0.900617 0.925978 0.939989 0.947223 0.951085 0.954094 0.957879 0.963062 0.969323 0.975845 0.981847 0.986874 0.990799 0.993706 0.995778 0.997212 0.998183 0.998831 0.99926 0.999546 0.99974 0.999882 1 
1 0.999906 0.999792 0.999632 0.999392 0.999023 0.998449 0.997559 0.996189 0.994108 0.991006 0.986504 0.980203 0.971824 0.961474 0.949996 0.93915 0.931102 0.927106 0.926558 0.927204 0.925978 0.919523 0.904135 0.875421 0.828162 0.757123 0.660099 0.543827 0.42996 0.346819 0.309862 0.329152 0.425789 0.594734 0.745777 0.839224 0.888847 0.910732 0.914717 0.906677 0.891294 0.874335 0.863387 0.864871 0.879254 0.900617 0.921731 0.938179 0.948276 0.951649 0.948276 0.938179 0.921731 0.900617 0.879253 0.864871 0.863387 0.874335 0.891294 0.906677 0.914717 0.910732 0.888847 0.839225 0.745777 0.594735 0.425789 0.329152 0.309863 0.346819 0.42996 0.543827 0.660099 0.757123 0.828162 0.875421 0.904135 0.919523 0.925978 0.927204 0.926558 0.927106 0.931101 0.93915 0.949995 0.961474 0.971824 0.980203 0.986505 0.991007 0.99411 0.996192 0.997565 0.998459 0.999038 0.999416 0.999669 0.999851 1 
1 0.999884 0.999743 0.999542 0.999238 0.998762 0.998008 0.996813 0.994929 0.991986 0.987455 0.980625 0.970643 0.956719 0.938639 0.917711 0.897685 0.883884 0.879661 0.883979 0.892577 0.900617 0.904135 0.899904 0.88473 0.854829 0.805499 0.731308 0.628713 0.506762 0.398917 0.340562 0.350101 0.446227 0.614424 0.76027 0.849577 0.897687 0.920585 0.928095 0.926235 0.919434 0.91184 0.907542 0.909423 0.917628 0.929594 0.941902 0.951968 0.958387 0.960575 0.958387 0.951968 0.941902 0.929594 0.917628 0.909423 0.907542 0.91184 0.919434 0.926235 0.928095 0.920585 0.897687 0.849577 0.760271 0.614425 0.446227 0.350101 0.340562 0.398917 0.506762 0.628713 0.731308 0.805499 0.854829 0.88473 0.899905 0.904135 0.900618 0.892576 0.883979 0.87966 0.883883 0.897683 0.91771 0.938639 0.956719 0.970643 0.980625 0.987457 0.991989 0.994933 0.99682 0.998019 0.99878 0.999266 0.999587 0.999815 1 
1 0.999861 0.999689 0.999444 0.999068 0.998472 0.997512 0.995962 0.993461 0.989445 0.983051 0.973016 0.957623 0.934875 0.903338 0.864406 0.825824 0.800623 0.796818 0.811392 0.83472 0.857839 0.875421 0.88473 0.883797 0.870281 0.840925 0.791273 0.716367 0.616594 0.512707 0.447156 0.454205 0.546222 0.685645 0.799313 0.869905 0.908946 0.927988 0.934683 0.93413 0.930192 0.926153 0.924661 0.927189 0.93357 0.942242 0.951147 0.958556 0.963366 0.965023 0.963366 0.958556 0.951147 0.942242 0.93357 0.927189 0.924661 0.926153 0.930192 0.93413 0.934684 0.927988 0.908946 0.869906 0.799313 0.685646 0.546223 0.454206 0.447157 0.512707 0.616594 0.716367 0.791273 0.840925 0.870282 0.883798 0.884731 0.875422 0.85784 0.834721 0.811391 0.796816 0.80062 0.825821 0.864403 0.903336 0.934874 0.957623 0.973017 0.983053 0.989448 0.993467 0.995971 0.997525 0.998493 0.999102 0.999498 0.999776 1 
1 0.999835 0.999632 0.99934 0.998889 0.998167 0.99699 0.995058 0.991876 0.986635 0.97802 0.963947 0.941234 0.905434 0.85175 0.779927 0.705984 0.660866 0.660182 0.69463 0.743611 0.79055 0.828162 0.854829 0.870281 0.873695 0.863461 0.837429 0.793547 0.732732 0.666472 0.622364 0.629429 0.691775 0.776935 0.847445 0.89364 0.919699 0.93149 0.933809 0.93057 0.925309 0.921243 0.920728 0.924629 0.932191 0.941606 0.950879 0.958435 0.963292 0.964959 0.963292 0.958436 0.950879 0.941606 0.932191 0.924629 0.920728 0.921243 0.925309 0.93057 0.933809 0.93149 0.919699 0.89364 0.847445 0.776936 0.691776 0.62943 0.622365 0.666473 0.732732 0.793547 0.837429 0.863461 0.873695 0.870282 0.85483 0.828164 0.790552 0.743612 0.694629 0.660179 0.66086 0.705978 0.779922 0.851747 0.905432 0.941233 0.963948 0.978023 0.986639 0.991882 0.995068 0.997006 0.998192 0.998929 0.999404 0.999734 1 
1 0.999809 0.999572 0.999234 0.998709 0.997865 0.996478 0.994175 0.990324 0.983847 0.972913 0.954405 0.923086 0.870516 0.785258 0.663034 0.539968 0.475986 0.482461 0.539465 0.618382 0.694504 0.757123 0.805499 0.840925 0.863461 0.872438 0.867559 0.849458 0.820953 0.789795 0.770177 0.775991 0.808015 0.851031 0.888466 0.913673 0.926518 0.928979 0.923584 0.913418 0.902458 0.895111 0.894603 0.901505 0.913751 0.928027 0.941339 0.951736 0.95823 0.960426 0.95823 0.951736 0.941339 0.928027 0.913751 0.901506 0.894603 0.895111 0.902458 0.913418 0.923584 0.928979 0.926518 0.913673 0.888466 0.851031 0.808015 0.775991 0.770177 0.789796 0.820953 0.849458 0.867558 0.872438 0.863461 0.840926 0.805501 0.757126 0.694508 0.618385 0.539465 0.482457 0.475979 0.539959 0.663026 0.785253 0.870514 0.923086 0.954406 0.972915 0.983852 0.990331 0.994187 0.996496 0.997894 0.998756 0.999309 0.999692 1 
1 0.99978 0.99951 0.999126 0.998533 0.99758 0.996013 0.993398 0.988989 0.981481 0.968575 0.946183 0.906978 0.838099 0.720611 0.550814 0.403096 0.342659 0.352125 0.407468 0.489568 0.57833 0.660099 0.731308 0.791273 0.837429 0.867559 0.882182 0.883865 0.87663 0.866309 0.86035 0.864861 0.880078 0.89985 0.916789 0.926444 0.927054 0.918303 0.900972 0.877739 0.85441 0.839107 0.837969 0.851367 0.874194 0.899431 0.921679 0.938227 0.948205 0.951519 0.948205 0.938227 0.921679 0.899431 0.874195 0.851367 0.83797 0.839107 0.85441 0.877739 0.900972 0.918303 0.927054 0.926444 0.916789 0.89985 0.880078 0.864861 0.86035 0.866308 0.876629 0.883864 0.882181 0.867558 0.837429 0.791274 0.731311 0.660105 0.578336 0.489572 0.407469 0.352124 0.342654 0.403089 0.550805 0.720605 0.838096 0.906977 0.946184 0.968578 0.981486 0.988998 0.993412 0.996035 0.997615 0.998588 0.999213 0.999648 1 
1 0.999749 0.999444 0.999015 0.99836 0.997318 0.995617 0.99279 0.988029 0.979907 0.965877 0.941324 0.897799 0.820124 0.686175 0.497717 0.350878 0.296058 0.300618 0.33845 0.396436 0.466268 0.543827 0.628713 0.716367 0.793547 0.849458 0.883865 0.901612 0.908411 0.909769 0.910639 0.914361 0.921308 0.928911 0.933437 0.93154 0.920478 0.897892 0.86235 0.815886 0.768513 0.737349 0.73512 0.76171 0.805643 0.851961 0.890487 0.917652 0.933412 0.938543 0.933412 0.917652 0.890487 0.851961 0.805644 0.761711 0.735121 0.737349 0.768513 0.815886 0.86235 0.897892 0.920478 0.93154 0.933437 0.928911 0.921308 0.914361 0.910639 0.909769 0.90841 0.901611 0.883863 0.849456 0.793545 0.716368 0.628718 0.543834 0.466275 0.396441 0.338452 0.300618 0.296056 0.350873 0.49771 0.686169 0.820121 0.897798 0.941325 0.96588 0.979913 0.988039 0.992806 0.995643 0.997359 0.998425 0.999116 0.999603 1 
1 0.999713 0.999367 0.99889 0.998177 0.997063 0.995276 0.992352 0.98749 0.979287 0.965258 0.940946 0.898328 0.823351 0.696146 0.517947 0.37287 0.311186 0.302674 0.318809 0.345924 0.380887 0.42996 0.506762 0.616594 0.732732 0.820953 0.87663 0.908411 0.92515 0.933474 0.937963 0.941263 0.94397 0.944835 0.941375 0.930335 0.907599 0.86793 0.805876 0.721653 0.634701 0.579669 0.576449 0.623059 0.701014 0.782392 0.847138 0.890467 0.914621 0.922324 0.914621 0.890467 0.847138 0.782393 0.701015 0.62306 0.57645 0.579669 0.634702 0.721653 0.805876 0.86793 0.907599 0.930335 0.941375 0.944835 0.94397 0.941263 0.937962 0.933473 0.925149 0.908409 0.876626 0.820948 0.732726 0.616591 0.506766 0.429967 0.380894 0.345929 0.318812 0.302675 0.311186 0.372868 0.517942 0.696142 0.823349 0.898327 0.940947 0.965261 0.979294 0.987502 0.992371 0.995307 0.997112 0.998253 0.999009 0.999551 1 
1 0.999666 0.999269 0.998733 0.997955 0.996772 0.994928 0.991994 0.987246 0.97944 0.966426 0.944479 0.907208 0.844102 0.741004 0.595331 0.456688 0.377474 0.345709 0.335184 0.33111 0.331633 0.346819 0.398917 0.512707 0.666472 0.789795 0.866309 0.909769 0.933474 0.945996 0.95242 0.955409 0.955734 0.952569 0.943662 0.925208 0.89121 0.832546 0.737992 0.607572 0.48353 0.416398 0.413169 0.468212 0.573084 0.695332 0.794526 0.85892 0.893649 0.904522 0.893649 0.85892 0.794526 0.695333 0.573085 0.468213 0.41317 0.416398 0.483531 0.607572 0.737992 0.832546 0.89121 0.925207 0.943662 0.952569 0.955734 0.955408 0.952419 0.945995 0.933471 0.909766 0.866302 0.789785 0.666459 0.512697 0.398916 0.346823 0.331639 0.331114 0.335188 0.345711 0.377475 0.456688 0.595329 0.741001 0.8441 0.907208 0.94448 0.966429 0.979448 0.98726 0.992017 0.994965 0.996831 0.998046 0.998875 0.999486 1 
1 0.9996 0.999132 0.998516 0.997645 0.996367 0.99445 0.991524 0.986988 0.979843 0.968427 0.949991 0.920122 0.872185 0.798018 0.694586 0.581202 0.491276 0.431594 0.38862 0.351631 0.321395 0.309862 0.340562 0.447156 0.622364 0.770177 0.86035 0.910639 0.937963 0.95242 0.959557 0.962136 0.960993 0.955371 0.942877 0.918995 0.875923 0.800972 0.678693 0.516738 0.385527 0.325369 0.321386 0.365597 0.465847 0.610211 0.741488 0.827784 0.873556 0.887704 0.873556 0.827784 0.741488 0.610212 0.465848 0.365597 0.321387 0.32537 0.385527 0.516738 0.678693 0.800971 0.875923 0.918995 0.942877 0.955371 0.960993 0.962136 0.959556 0.952418 0.93796 0.910634 0.860341 0.770161 0.622341 0.447137 0.340554 0.309861 0.321396 0.351633 0.388623 0.431597 0.491278 0.581202 0.694585 0.798016 0.872183 0.920121 0.949992 0.96843 0.979851 0.987003 0.991551 0.994494 0.996438 0.997756 0.998688 0.999395 1 
1 0.999508 0.998936 0.998197 0.997178 0.995732 0.993653 0.99064 0.986233 0.979714 0.969935 0.955086 0.932441 0.898255 0.848406 0.781094 0.702136 0.623855 0.552141 0.483872 0.417108 0.359746 0.329152 0.350101 0.454205 0.629429 0.775991 0.864861 0.914361 0.941263 0.955409 0.962136 0.964072 0.961987 0.95507 0.94077 0.914114 0.866315 0.782979 0.647749 0.476266 0.349909 0.295075 0.287791 0.318849 0.402618 0.547992 0.699792 0.803365 0.858133 0.874946 0.858133 0.803366 0.699792 0.547993 0.402618 0.318849 0.287792 0.295075 0.349909 0.476266 0.647748 0.782979 0.866315 0.914114 0.94077 0.95507 0.961986 0.964071 0.962135 0.955407 0.94126 0.914355 0.86485 0.775971 0.629398 0.454173 0.350082 0.329142 0.359742 0.417106 0.483872 0.552143 0.623856 0.702136 0.781093 0.848404 0.898252 0.932438 0.955085 0.969936 0.979721 0.98625 0.990671 0.993706 0.995819 0.997315 0.998409 0.999262 1 
1 0.999376 0.998653 0.997723 0.99646 0.994708 0.992277 0.988923 0.984332 0.978059 0.969446 0.95748 0.940662 0.917028 0.884562 0.842276 0.791603 0.735648 0.675225 0.607919 0.533871 0.464813 0.425789 0.446227 0.546222 0.691775 0.808015 0.880078 0.921308 0.94397 0.955734 0.960993 0.961987 0.959335 0.95217 0.937906 0.91157 0.86449 0.782713 0.650672 0.482797 0.355513 0.29621 0.282262 0.303932 0.376632 0.518223 0.67901 0.791446 0.850853 0.869024 0.850853 0.791446 0.67901 0.518224 0.376633 0.303932 0.282262 0.29621 0.355513 0.482797 0.650672 0.782713 0.86449 0.91157 0.937906 0.95217 0.959335 0.961986 0.960992 0.955732 0.943967 0.921302 0.880067 0.807995 0.691743 0.546181 0.446193 0.425766 0.464799 0.533864 0.607916 0.675225 0.735648 0.791602 0.842274 0.884558 0.917022 0.940655 0.957473 0.969443 0.978063 0.984348 0.988959 0.992341 0.994815 0.996631 0.997991 0.999064 1 
1 0.999191 0.998251 0.997034 0.995378 0.993095 0.989977 0.985813 0.980408 0.973595 0.965192 0.954893 0.942104 0.925894 0.90521 0.879361 0.848432 0.812876 0.772247 0.725115 0.672085 0.621817 0.594734 0.614424 0.685645 0.776935 0.851031 0.89985 0.928911 0.944835 0.952569 0.955371 0.95507 0.95217 0.945785 0.933423 0.910472 0.869231 0.797719 0.681916 0.52743 0.393382 0.319854 0.295484 0.311962 0.38359 0.525748 0.685241 0.795672 0.853785 0.871539 0.853785 0.795672 0.685241 0.525748 0.38359 0.311962 0.295484 0.319854 0.393381 0.527429 0.681916 0.797719 0.869231 0.910472 0.933423 0.945785 0.95217 0.95507 0.95537 0.952567 0.944832 0.928906 0.899841 0.851015 0.77691 0.685611 0.61439 0.594707 0.621799 0.672075 0.725111 0.772246 0.812876 0.848432 0.879358 0.905203 0.925883 0.942089 0.954877 0.96518 0.973591 0.980421 0.985851 0.990053 0.993226 0.995593 0.997374 0.998779 1 
1 0.998943 0.997699 0.996065 0.993805 0.99065 0.986316 0.980556 0.973251 0.964519 0.954744 0.944427 0.933806 0.922588 0.910048 0.895433 0.8783 0.858435 0.835515 0.809288 0.781057 0.756296 0.745777 0.76027 0.799313 0.847445 0.888466 0.916789 0.933437 0.941375 0.943662 0.942877 0.94077 0.937906 0.933423 0.924897 0.908143 0.876755 0.821454 0.731015 0.602991 0.470128 0.379517 0.342242 0.357187 0.435404 0.576767 0.720026 0.816106 0.866712 0.882247 0.866712 0.816106 0.720026 0.576766 0.435403 0.357186 0.342241 0.379516 0.470127 0.602991 0.731015 0.821454 0.876755 0.908144 0.924897 0.933423 0.937906 0.940769 0.942876 0.94366 0.941373 0.933433 0.916783 0.888456 0.847429 0.799292 0.760248 0.745759 0.756284 0.781051 0.809286 0.835516 0.858437 0.8783 0.89543 0.910037 0.922569 0.933778 0.944393 0.954713 0.964499 0.973254 0.980593 0.986403 0.99081 0.994073 0.996496 0.99838 1 
1 0.998621 0.996975 0.994761 0.991617 0.987112 0.980768 0.972163 0.961138 0.948106 0.934297 0.921504 0.911125 0.903313 0.897102 0.891208 0.88469 0.877074 0.868163 0.858044 0.847686 0.839878 0.839224 0.849577 0.869905 0.89364 0.913673 0.926444 0.93154 0.930335 0.925208 0.918995 0.914114 0.91157 0.910472 0.908143 0.900434 0.881905 0.845841 0.784802 0.694827 0.58806 0.497768 0.453421 0.468546 0.547401 0.667288 0.775799 0.847977 0.886831 0.898943 0.886831 0.847977 0.775798 0.667287 0.5474 0.468545 0.45342 0.497767 0.588059 0.694826 0.784802 0.845841 0.881905 0.900435 0.908144 0.910472 0.91157 0.914114 0.918994 0.925206 0.930333 0.931537 0.926439 0.913666 0.893631 0.869894 0.849565 0.839215 0.839872 0.847684 0.858045 0.868167 0.877079 0.884694 0.891206 0.897088 0.903282 0.911074 0.921438 0.934228 0.948054 0.961118 0.972192 0.980864 0.987302 0.991947 0.995304 0.997847 1 
1 0.998229 0.996075 0.993097 0.988731 0.982252 0.972783 0.959429 0.941672 0.920138 0.897495 0.878215 0.865931 0.861052 0.861312 0.863959 0.867235 0.870519 0.873717 0.876755 0.87968 0.883218 0.888847 0.897687 0.908946 0.919699 0.926518 0.927054 0.920478 0.907599 0.89121 0.875923 0.866315 0.86449 0.869231 0.876755 0.881905 0.879175 0.863441 0.830541 0.77895 0.714409 0.654377 0.622397 0.63499 0.691114 0.767721 0.835827 0.883132 0.909756 0.918259 0.909756 0.883132 0.835827 0.767721 0.691113 0.634989 0.622395 0.654376 0.714408 0.77895 0.830541 0.863441 0.879176 0.881906 0.876756 0.869231 0.86449 0.866315 0.875921 0.891208 0.907597 0.920475 0.927051 0.926513 0.919694 0.90894 0.897681 0.888843 0.883217 0.879683 0.876762 0.873728 0.870532 0.867249 0.863964 0.861297 0.861003 0.865838 0.878084 0.897353 0.92002 0.941607 0.959435 0.972881 0.982473 0.98913 0.993769 0.997174 1 
1 0.997779 0.995029 0.991113 0.985168 0.975995 0.961971 0.941147 0.911841 0.87433 0.833834 0.801079 0.784575 0.784175 0.793734 0.807146 0.821413 0.836244 0.852161 0.86882 0.884803 0.89886 0.910732 0.920585 0.927988 0.93149 0.928979 0.918303 0.897892 0.86793 0.832546 0.800972 0.782979 0.782713 0.797719 0.821454 0.845841 0.863441 0.869215 0.861018 0.839597 0.809618 0.780894 0.766291 0.775107 0.806206 0.847764 0.886277 0.91473 0.931547 0.937056 0.931546 0.91473 0.886277 0.847763 0.806206 0.775106 0.76629 0.780893 0.809618 0.839597 0.861019 0.869215 0.863442 0.845843 0.821456 0.79772 0.782713 0.782978 0.800969 0.832543 0.867927 0.897888 0.9183 0.928976 0.931487 0.927985 0.920583 0.910732 0.898862 0.884809 0.868832 0.852181 0.836273 0.821445 0.807171 0.79373 0.784108 0.784418 0.800832 0.833549 0.874086 0.911691 0.94111 0.962061 0.976243 0.98564 0.991924 0.996381 1 
1 0.997308 0.993915 0.988944 0.98114 0.968608 0.948502 0.916827 0.86897 0.803023 0.728913 0.672384 0.650856 0.659827 0.684251 0.712081 0.739141 0.767052 0.798565 0.833215 0.866597 0.89429 0.914717 0.928095 0.934683 0.933809 0.923584 0.900972 0.86235 0.805876 0.737992 0.678693 0.647749 0.650672 0.681916 0.731015 0.784802 0.830541 0.861018 0.875395 0.876482 0.86923 0.860293 0.856794 0.863533 0.880325 0.902285 0.92343 0.939863 0.949973 0.953356 0.949973 0.939863 0.92343 0.902284 0.880325 0.863532 0.856793 0.860293 0.86923 0.876482 0.875396 0.86102 0.830543 0.784805 0.731018 0.681919 0.650673 0.647748 0.678689 0.737987 0.80587 0.862345 0.900969 0.923581 0.933808 0.934682 0.928094 0.914718 0.894293 0.866605 0.833232 0.798597 0.767104 0.739209 0.712151 0.684286 0.659764 0.650625 0.671956 0.728374 0.802552 0.868674 0.916716 0.948571 0.968878 0.981681 0.989895 0.995526 1 
1 0.996867 0.992858 0.986843 0.977118 0.960924 0.933725 0.88825 0.81424 0.704492 0.580547 0.498667 0.478204 0.500298 0.539715 0.57948 0.615587 0.654217 0.703828 0.764732 0.825281 0.873586 0.906677 0.926235 0.93413 0.93057 0.913418 0.877739 0.815886 0.721653 0.607572 0.516738 0.476266 0.482797 0.52743 0.602991 0.694827 0.77895 0.839597 0.876482 0.895523 0.903385 0.906198 0.909062 0.915186 0.925157 0.937282 0.949045 0.958448 0.964386 0.966403 0.964386 0.958448 0.949045 0.937282 0.925157 0.915186 0.909062 0.906198 0.903385 0.895523 0.876483 0.8396 0.778954 0.694831 0.602996 0.527434 0.482799 0.476265 0.516733 0.607564 0.721644 0.81588 0.877735 0.913415 0.930568 0.934129 0.926235 0.906677 0.873588 0.825286 0.764748 0.703869 0.654294 0.615701 0.579615 0.539825 0.500301 0.477987 0.498122 0.579702 0.703681 0.813733 0.888039 0.933761 0.961207 0.977718 0.98792 0.994707 1 
1 0.996521 0.99202 0.985152 0.97381 0.954407 0.920646 0.861493 0.759659 0.603492 0.443022 0.36076 0.348826 0.37428 0.411541 0.445091 0.47287 0.50695 0.566778 0.659906 0.761636 0.840603 0.891294 0.919434 0.930192 0.925309 0.902458 0.85441 0.768513 0.634701 0.48353 0.385527 0.349909 0.355513 0.393382 0.470128 0.58806 0.714409 0.809618 0.86923 0.903385 0.921943 0.932123 0.938851 0.94508 0.951961 0.959268 0.966109 0.971583 0.975074 0.976268 0.975074 0.971583 0.966109 0.959268 0.951961 0.94508 0.938851 0.932123 0.921944 0.903386 0.869232 0.809622 0.714414 0.588067 0.470133 0.393385 0.355515 0.349909 0.385522 0.48352 0.634689 0.768504 0.854405 0.902455 0.925308 0.930191 0.919432 0.891291 0.840597 0.761627 0.659905 0.566806 0.507024 0.472995 0.445252 0.411698 0.374364 0.348732 0.360337 0.442115 0.602379 0.758934 0.861181 0.920648 0.954698 0.974456 0.986328 0.994054 1 
1 0.996326 0.991551 0.984211 0.971968 0.95076 0.913234 0.846034 0.727706 0.546991 0.378618 0.304448 0.296168 0.316621 0.341709 0.358147 0.365664 0.379367 0.42811 0.539176 0.687152 0.803506 0.874335 0.91184 0.926153 0.921243 0.895111 0.839107 0.737349 0.579669 0.416398 0.325369 0.295075 0.29621 0.319854 0.379517 0.497768 0.654377 0.780894 0.860293 0.906198 0.932123 0.946928 0.956029 0.962554 0.968047 0.972987 0.97727 0.9806 0.982707 0.983427 0.982707 0.9806 0.97727 0.972987 0.968047 0.962554 0.956029 0.946928 0.932124 0.9062 0.860296 0.780898 0.654384 0.497775 0.379521 0.319857 0.296211 0.295074 0.325365 0.416387 0.579655 0.737339 0.839101 0.895107 0.921241 0.926151 0.911836 0.874327 0.803487 0.687116 0.539135 0.428097 0.379399 0.365749 0.358278 0.341859 0.316732 0.296149 0.304144 0.377803 0.545776 0.726869 0.845669 0.91322 0.951058 0.972642 0.985443 0.993692 1 
1 0.996315 0.991536 0.984214 0.972044 0.951053 0.914108 0.848407 0.733657 0.558942 0.392747 0.315537 0.301916 0.313977 0.326909 0.328268 0.319294 0.316095 0.349334 0.458101 0.633485 0.777772 0.863387 0.907542 0.924661 0.920728 0.894603 0.837969 0.73512 0.576449 0.413169 0.321386 0.287791 0.282262 0.295484 0.342242 0.453421 0.622397 0.766291 0.856794 0.909062 0.938851 0.956029 0.966333 0.973019 0.977827 0.981565 0.984507 0.986677 0.988015 0.988468 0.988015 0.986677 0.984507 0.981565 0.977827 0.973019 0.966333 0.956029 0.938852 0.909064 0.856797 0.766296 0.622404 0.453428 0.342246 0.295486 0.282263 0.287791 0.321382 0.413159 0.576435 0.73511 0.837963 0.8946 0.920726 0.924658 0.907536 0.863373 0.77774 0.633422 0.458025 0.349288 0.316093 0.319343 0.328369 0.327039 0.314083 0.301903 0.315247 0.391966 0.5578 0.732874 0.848068 0.914107 0.951361 0.972728 0.985456 0.993689 1 
1 0.996481 0.991958 0.985121 0.973946 0.955057 0.922663 0.866952 0.773187 0.631536 0.480582 0.391975 0.36359 0.36261 0.362944 0.351893 0.33192 0.320605 0.349124 0.456432 0.633153 0.778697 0.864871 0.909423 0.927189 0.924629 0.901505 0.851367 0.76171 0.623059 0.468212 0.365597 0.318849 0.303932 0.311962 0.357187 0.468546 0.63499 0.775107 0.863533 0.915186 0.94508 0.962554 0.973019 0.979565 0.983917 0.986981 0.989191 0.990724 0.991637 0.991941 0.991637 0.990724 0.989191 0.986981 0.983917 0.979565 0.973019 0.962555 0.94508 0.915188 0.863536 0.775112 0.634997 0.468553 0.357191 0.311964 0.303932 0.318848 0.365592 0.468202 0.623047 0.761702 0.851362 0.901502 0.924627 0.927186 0.909417 0.864855 0.77866 0.63308 0.456341 0.349064 0.320589 0.331956 0.351982 0.363061 0.362693 0.363534 0.391625 0.479818 0.630625 0.772592 0.866705 0.922701 0.955375 0.97462 0.986329 0.994031 1 
1 0.996779 0.992701 0.986673 0.977088 0.961406 0.93559 0.893456 0.826799 0.730302 0.619212 0.533882 0.490136 0.472093 0.458388 0.437256 0.411756 0.400625 0.434509 0.540398 0.689616 0.807553 0.879254 0.917628 0.93357 0.932191 0.913751 0.874194 0.805643 0.701014 0.573084 0.465847 0.402618 0.376632 0.38359 0.435404 0.547401 0.691114 0.806206 0.880325 0.925157 0.951961 0.968047 0.977827 0.983917 0.987839 0.990457 0.992233 0.993402 0.994073 0.994293 0.994073 0.993402 0.992233 0.990457 0.98784 0.983917 0.977828 0.968048 0.951962 0.925159 0.880328 0.80621 0.691121 0.547408 0.435409 0.383592 0.376633 0.402616 0.465842 0.573075 0.701006 0.805637 0.874191 0.913748 0.932189 0.933567 0.917622 0.87924 0.807523 0.689556 0.540317 0.43445 0.40061 0.411795 0.437343 0.458489 0.472139 0.490028 0.533523 0.618622 0.729721 0.82643 0.893321 0.935674 0.961731 0.977736 0.987811 0.994625 1 
