1 1 1 1 1 1 1 1 1 1 1 1 1 1 1 1 1 1 1 1 1 1 1 1 1 1 1 1 1 1 1 1 1 1 1 1 1 1 1 1 1 1 1 1 1 1 1 1 1 1 1 1 1 1 1 1 1 1 1 1 1 1 1 1 1 1 1 1 1 1 1 1 1 1 1 1 1 1 1 1 1 1 1 1 1 1 1 1 1 1 1 1 1 1 1 1 1 1 1 1 
1 1 1 1 1 1 1 1 1 1 1 1 1 1 1 1 1 1 1 1 1 1 1 1 1 1 1 1 1 1 1 1 1 1 1 1 1 1 1 1 1 1 1 1 1 1 1 1 1 1 1 1 1 1 1 1 1 1 1 1 1 1 1 1 1 1 1 1 1 1 1 1 1 1 1 1 1 1 1 1 1 1 1 1 1 1 1 1 1 1 1 1 1 1 1 1 1 1 1 1 
1 1 1 1 1 1 1 1 1 1 1 1 1 1 1 1 1 1 1 1 1 1 1 1 1 1 1 1 1 1 1 1 1 1 1 1 1 0.999999 0.999999 0.999999 0.999999 0.999999 0.999999 0.999999 0.999999 0.999999 0.999999 0.999999 0.999999 0.999999 0.999999 0.999999 0.999999 0.999999 0.999999 0.999999 0.999999 0.999999 0.999999 0.999999 0.999999 0.999999 0.999999 0.999999 1 1 1 1 1 1 1 1 1 1 1 1 1 1 1 1 1 1 1 1 1 1 1 1 1 1 1 1 1 1 1 1 1 1 1 1 
1 1 1 1 1 1 1 1 1 1 1 1 1 1 1 1 1 1 1 1 1 1 1 1 1 1 1 1 1 1 1 1 1 0.999999 0.999999 0.999999 0.999999 0.999999 0.999999 0.999999 0.999999 0.999999 0.999999 0.999999 0.999999 0.999999 0.999999 0.999999 0.999999 0.999999 0.999999 0.999999 0.999999 0.999999 0.999999 0.999999 0.999999 0.999999 0.999999 0.999999 0.999999 0.999999 0.999999 0.999999 0.999999 0.999999 0.999999 0.999999 1 1 1 1 1 1 1 1 1 1 1 1 1 1 1 1 1 1 1 1 1 1 1 1 1 1 1 1 1 1 1 1 
1 1 1 1 1 1 1 1 1 1 1 1 1 1 1 1 1 1 1 1 1 1 1 1 1 1 1 1 1 1 0.999999 0.999999 0.999999 0.999999 0.999999 0.999999 0.999999 0.999998 0.999998 0.999998 0.999998 0.999998 0.999998 0.999998 0.999998 0.999998 0.999998 0.999998 0.999998 0.999998 0.999998 0.999998 0.999998 0.999998 0.999998 0.999998 0.999998 0.999998 0.999998 0.999998 0.999998 0.999998 0.999998 0.999998 0.999999 0.999999 0.999999 0.999999 0.999999 0.999999 0.999999 1 1 1 1 1 1 1 1 1 1 1 1 1 1 1 1 1 1 1 1 1 1 1 1 1 1 1 1 1 
1 1 1 1 1 1 1 1 1 1 1 1 1 1 1 1 1 1 1 1 1 1 1 1 1 1 1 1 0.999999 0.999999 0.999999 0.999999 0.999999 0.999999 0.999998 0.999998 0.999998 0.999997 0.999997 0.999997 0.999997 0.999996 0.999996 0.999996 0.999996 0.999996 0.999996 0.999996 0.999996 0.999996 0.999996 0.999996 0.999996 0.999996 0.999996 0.999996 0.999996 0.999996 0.999996 0.999996 0.999997 0.999997 0.999997 0.999997 0.999998 0.999998 0.999998 0.999999 0.999999 0.999999 0.999999 0.999999 0.999999 1 1 1 1 1 1 1 1 1 1 1 1 1 1 1 1 1 1 1 1 1 1 1 1 1 1 1 
1 1 1 1 1 1 1 1 1 1 1 1 1 1 1 1 1 1 1 1 1 1 1 1 1 1 1 0.999999 0.999999 0.999999 0.999999 0.999998 0.999998 0.999998 0.999997 0.999997 0.999996 0.999996 0.999995 0.999995 0.999995 0.999994 0.999994 0.999994 0.999994 0.999994 0.999994 0.999994 0.999994 0.999994 0.999994 0.999994 0.999994 0.999994 0.999994 0.999994 0.999994 0.999994 0.999994 0.999994 0.999995 0.999995 0.999995 0.999996 0.999996 0.999997 0.999997 0.999998 0.999998 0.999998 0.999999 0.999999 0.999999 0.999999 1 1 1 1 1 1 1 1 1 1 1 1 1 1 1 1 1 1 1 1 1 1 1 1 1 1 
1 1 1 1 1 1 1 1 1 1 1 1 1 1 1 1 1 1 1 1 1 1 1 1 1 0.999999 0.999999 0.999999 0.999999 0.999998 0.999998 0.999998 0.999997 0.999996 0.999996 0.999995 0.999994 0.999993 0.999992 0.999992 0.999991 0.999991 0.99999 0.99999 0.99999 0.99999 0.99999 0.99999 0.99999 0.99999 0.99999 0.99999 0.99999 0.99999 0.99999 0.99999 0.99999 0.99999 0.99999 0.999991 0.999991 0.999992 0.999992 0.999993 0.999994 0.999995 0.999996 0.999996 0.999997 0.999998 0.999998 0.999998 0.999999 0.999999 0.999999 0.999999 1 1 1 1 1 1 1 1 1 1 1 1 1 1 1 1 1 1 1 1 1 1 1 1 
1 1 1 1 1 1 1 1 1 1 1 1 1 1 1 1 1 1 1 1 1 1 1 1 0.999999 0.999999 0.999999 0.999999 0.999998 0.999998 0.999997 0.999996 0.999995 0.999994 0.999993 0.999992 0.99999 0.999989 0.999988 0.999986 0.999985 0.999985 0.999984 0.999984 0.999983 0.999983 0.999983 0.999984 0.999984 0.999984 0.999984 0.999984 0.999984 0.999984 0.999983 0.999983 0.999983 0.999984 0.999984 0.999985 0.999985 0.999986 0.999988 0.999989 0.99999 0.999992 0.999993 0.999994 0.999995 0.999996 0.999997 0.999998 0.999998 0.999999 0.999999 0.999999 0.999999 1 1 1 1 1 1 1 1 1 1 1 1 1 1 1 1 1 1 1 1 1 1 1 
1 1 1 1 1 1 1 1 1 1 1 1 1 1 1 1 1 1 1 1 1 1 0.999999 0.999999 0.999999 0.999999 0.999998 0.999998 0.999997 0.999996 0.999995 0.999994 0.999992 0.999991 0.999989 0.999987 0.999984 0.999982 0.99998 0.999978 0.999976 0.999975 0.999974 0.999973 0.999973 0.999973 0.999973 0.999974 0.999974 0.999974 0.999974 0.999974 0.999974 0.999974 0.999973 0.999973 0.999973 0.999973 0.999974 0.999975 0.999976 0.999978 0.99998 0.999982 0.999984 0.999987 0.999989 0.999991 0.999992 0.999994 0.999995 0.999996 0.999997 0.999998 0.999998 0.999999 0.999999 0.999999 0.999999 1 1 1 1 1 1 1 1 1 1 1 1 1 1 1 1 1 1 1 1 1 
1 1 1 1 1 1 1 1 1 1 1 1 1 1 1 1 1 1 1 1 1 0.999999 0.999999 0.999999 0.999999 0.999998 0.999997 0.999997 0.999996 0.999994 0.999993 0.999991 0.999988 0.999985 0.999982 0.999979 0.999975 0.999971 0.999967 0.999964 0.999961 0.999959 0.999957 0.999956 0.999956 0.999956 0.999957 0.999957 0.999958 0.999959 0.999959 0.999959 0.999958 0.999957 0.999957 0.999956 0.999956 0.999956 0.999957 0.999959 0.999961 0.999964 0.999967 0.999971 0.999975 0.999979 0.999982 0.999985 0.999988 0.999991 0.999993 0.999994 0.999996 0.999997 0.999997 0.999998 0.999999 0.999999 0.999999 0.999999 1 1 1 1 1 1 1 1 1 1 1 1 1 1 1 1 1 1 1 1 
1 1 1 1 1 1 1 1 1 1 1 1 1 1 1 1 1 1 1 1 0.999999 0.999999 0.999999 0.999999 0.999998 0.999997 0.999996 0.999995 0.999993 0.999991 0.999989 0.999985 0.999981 0.999977 0.999972 0.999966 0.99996 0.999953 0.999947 0.999941 0.999936 0.999932 0.999929 0.999928 0.999928 0.999929 0.99993 0.999932 0.999933 0.999934 0.999934 0.999934 0.999933 0.999932 0.99993 0.999929 0.999928 0.999928 0.999929 0.999932 0.999936 0.999941 0.999947 0.999953 0.99996 0.999966 0.999972 0.999977 0.999981 0.999985 0.999989 0.999991 0.999993 0.999995 0.999996 0.999997 0.999998 0.999999 0.999999 0.999999 0.999999 1 1 1 1 1 1 1 1 1 1 1 1 1 1 1 1 1 1 1 
1 1 1 1 1 1 1 1 1 1 1 1 1 1 1 1 1 1 1 0.999999 0.999999 0.999999 0.999998 0.999998 0.999997 0.999996 0.999994 0.999992 0.99999 0.999987 0.999982 0.999977 0.999971 0.999963 0.999955 0.999945 0.999935 0.999924 0.999914 0.999904 0.999895 0.999889 0.999884 0.999882 0.999882 0.999884 0.999887 0.99989 0.999893 0.999895 0.999896 0.999895 0.999893 0.99989 0.999887 0.999884 0.999882 0.999882 0.999884 0.999889 0.999895 0.999904 0.999914 0.999924 0.999935 0.999945 0.999955 0.999963 0.999971 0.999977 0.999982 0.999987 0.99999 0.999992 0.999994 0.999996 0.999997 0.999998 0.999998 0.999999 0.999999 0.999999 1 1 1 1 1 1 1 1 1 1 1 1 1 1 1 1 1 1 
1 1 1 1 1 1 1 1 1 1 1 1 1 1 1 1 1 1 0.999999 0.999999 0.999999 0.999998 0.999998 0.999997 0.999996 0.999994 0.999992 0.999989 0.999985 0.99998 0.999973 0.999965 0.999955 0.999943 0.999929 0.999913 0.999895 0.999877 0.999859 0.999842 0.999828 0.999817 0.99981 0.999807 0.999807 0.999811 0.999817 0.999823 0.999829 0.999833 0.999834 0.999833 0.999829 0.999823 0.999817 0.999811 0.999807 0.999807 0.99981 0.999817 0.999828 0.999842 0.999859 0.999877 0.999895 0.999913 0.999929 0.999943 0.999955 0.999965 0.999973 0.99998 0.999985 0.999989 0.999992 0.999994 0.999996 0.999997 0.999998 0.999998 0.999999 0.999999 0.999999 1 1 1 1 1 1 1 1 1 1 1 1 1 1 1 1 1 
1 1 1 1 1 1 1 1 1 1 1 1 1 1 1 1 1 0.999999 0.999999 0.999999 0.999998 0.999998 0.999997 0.999995 0.999994 0.999991 0.999988 0.999984 0.999978 0.99997 0.999959 0.999946 0.99993 0.999911 0.999887 0.999861 0.999832 0.999801 0.99977 0.999742 0.999717 0.999698 0.999687 0.999682 0.999685 0.999693 0.999704 0.999717 0.999728 0.999735 0.999738 0.999735 0.999728 0.999717 0.999704 0.999693 0.999685 0.999682 0.999687 0.999698 0.999717 0.999742 0.99977 0.999801 0.999832 0.999861 0.999887 0.999911 0.99993 0.999946 0.999959 0.99997 0.999978 0.999984 0.999988 0.999991 0.999994 0.999995 0.999997 0.999998 0.999998 0.999999 0.999999 0.999999 1 1 1 1 1 1 1 1 1 1 1 1 1 1 1 1 
1 1 1 1 1 1 1 1 1 1 1 1 1 1 1 1 0.999999 0.999999 0.999999 0.999998 0.999998 0.999997 0.999995 0.999994 0.999991 0.999987 0.999983 0.999976 0.999967 0.999955 0.999939 0.999918 0.999893 0.999861 0.999823 0.999779 0.99973 0.999678 0.999626 0.999577 0.999534 0.999502 0.999483 0.999477 0.999484 0.9995 0.999523 0.999546 0.999567 0.999581 0.999586 0.999581 0.999567 0.999546 0.999523 0.9995 0.999484 0.999477 0.999483 0.999502 0.999534 0.999577 0.999626 0.999678 0.99973 0.999779 0.999823 0.999861 0.999893 0.999918 0.999939 0.999955 0.999967 0.999976 0.999983 0.999987 0.999991 0.999994 0.999995 0.999997 0.999998 0.999998 0.999999 0.999999 0.999999 1 1 1 1 1 1 1 1 1 1 1 1 1 1 1 
1 1 1 1 1 1 1 1 1 1 1 1 1 1 1 0.999999 0.999999 0.999999 0.999998 0.999998 0.999997 0.999995 0.999993 0.999991 0.999987 0.999982 0.999975 0.999965 0.999951 0.999933 0.999909 0.999877 0.999836 0.999785 0.999723 0.99965 0.999568 0.99948 0.99939 0.999305 0.999232 0.999177 0.999145 0.999138 0.999153 0.999186 0.999229 0.999274 0.999313 0.999339 0.999349 0.999339 0.999313 0.999274 0.999229 0.999186 0.999153 0.999138 0.999145 0.999177 0.999232 0.999305 0.99939 0.99948 0.999568 0.99965 0.999723 0.999785 0.999836 0.999877 0.999909 0.999933 0.999951 0.999965 0.999975 0.999982 0.999987 0.999991 0.999993 0.999995 0.999997 0.999998 0.999998 0.999999 0.999999 0.999999 1 1 1 1 1 1 1 1 1 1 1 1 1 1 
1 1 1 1 1 1 1 1 1 1 1 1 1 1 0.999999 0.999999 0.999999 0.999998 0.999998 0.999997 0.999995 0.999993 0.999991 0.999987 0.999982 0.999974 0.999964 0.999949 0.999929 0.999902 0.999865 0.999815 0.999751 0.999669 0.999569 0.999449 0.999311 0.999161 0.999007 0.998859 0.998732 0.998636 0.998583 0.998574 0.998607 0.998673 0.998756 0.998842 0.998915 0.998964 0.998981 0.998964 0.998915 0.998842 0.998756 0.998673 0.998607 0.998574 0.998583 0.998636 0.998732 0.998859 0.999007 0.999161 0.999311 0.999449 0.999569 0.999669 0.999751 0.999815 0.999865 0.999902 0.999929 0.999949 0.999964 0.999974 0.999982 0.999987 0.999991 0.999993 0.999995 0.999997 0.999998 0.999998 0.999999 0.999999 0.999999 1 1 1 1 1 1 1 1 1 1 1 1 1 
1 1 1 1 1 1 1 1 1 1 1 1 1 0.999999 0.999999 0.999999 0.999998 0.999998 0.999997 0.999995 0.999994 0.999991 0.999987 0.999982 0.999974 0.999964 0.999949 0.999928 0.999898 0.999857 0.999801 0.999725 0.999625 0.999496 0.999333 0.999135 0.998905 0.99865 0.998383 0.998125 0.997901 0.997735 0.997644 0.997637 0.997706 0.997834 0.997993 0.998155 0.998291 0.998382 0.998414 0.998382 0.998291 0.998155 0.997993 0.997834 0.997706 0.997637 0.997644 0.997735 0.997901 0.998125 0.998383 0.99865 0.998905 0.999135 0.999333 0.999496 0.999625 0.999725 0.999801 0.999857 0.999898 0.999928 0.999949 0.999964 0.999974 0.999982 0.999987 0.999991 0.999994 0.999995 0.999997 0.999998 0.999998 0.999999 0.999999 0.999999 1 1 1 1 1 1 1 1 1 1 1 1 
1 1 1 1 1 1 1 1 1 1 1 1 0.999999 0.999999 0.999999 0.999998 0.999998 0.999997 0.999995 0.999994 0.999991 0.999987 0.999982 0.999975 0.999964 0.999949 0.999928 0.999898 0.999855 0.999794 0.99971 0.999595 0.99944 0.999236 0.998975 0.998652 0.998267 0.997832 0.99737 0.996918 0.996521 0.996227 0.996072 0.996071 0.996213 0.996462 0.996765 0.997068 0.997323 0.99749 0.997549 0.99749 0.997323 0.997068 0.996765 0.996462 0.996213 0.996071 0.996072 0.996227 0.996521 0.996918 0.99737 0.997832 0.998267 0.998652 0.998975 0.999236 0.99944 0.999595 0.99971 0.999794 0.999855 0.999898 0.999928 0.999949 0.999964 0.999975 0.999982 0.999987 0.999991 0.999994 0.999995 0.999997 0.999998 0.999998 0.999999 0.999999 0.999999 1 1 1 1 1 1 1 1 1 1 1 
1 1 1 1 1 1 1 1 1 1 1 0.999999 0.999999 0.999999 0.999998 0.999998 0.999997 0.999995 0.999994 0.999991 0.999987 0.999982 0.999975 0.999965 0.99995 0.999929 0.999899 0.999857 0.999795 0.999707 0.999584 0.999411 0.999174 0.998856 0.998439 0.997912 0.997271 0.996531 0.995729 0.994929 0.99422 0.993694 0.993426 0.993447 0.993734 0.994215 0.994791 0.995358 0.995828 0.996135 0.996242 0.996135 0.995828 0.995358 0.994791 0.994215 0.993734 0.993447 0.993426 0.993694 0.99422 0.994929 0.995729 0.996531 0.997271 0.997912 0.998439 0.998856 0.999174 0.999411 0.999584 0.999707 0.999795 0.999857 0.999899 0.999929 0.99995 0.999965 0.999975 0.999982 0.999987 0.999991 0.999994 0.999995 0.999997 0.999998 0.999998 0.999999 0.999999 0.999999 1 1 1 1 1 1 1 1 1 1 
1 1 1 1 1 1 1 1 1 1 0.999999 0.999999 0.999999 0.999998 0.999998 0.999997 0.999995 0.999993 0.999991 0.999987 0.999982 0.999975 0.999965 0.999951 0.999931 0.999902 0.999861 0.999801 0.999714 0.999588 0.999408 0.999153 0.998795 0.998305 0.997648 0.996796 0.995734 0.994475 0.993079 0.991658 0.990377 0.989424 0.988952 0.989028 0.989604 0.990536 0.991626 0.992681 0.993543 0.9941 0.994293 0.9941 0.993543 0.992681 0.991626 0.990536 0.989604 0.989028 0.988952 0.989424 0.990377 0.991658 0.993079 0.994475 0.995734 0.996796 0.997648 0.998305 0.998795 0.999153 0.999408 0.999588 0.999714 0.999801 0.999861 0.999902 0.999931 0.999951 0.999965 0.999975 0.999982 0.999987 0.999991 0.999993 0.999995 0.999997 0.999998 0.999998 0.999999 0.999999 0.999999 1 1 1 1 1 1 1 1 1 
1 1 1 1 1 1 1 1 1 0.999999 0.999999 0.999999 0.999998 0.999998 0.999997 0.999995 0.999993 0.999991 0.999987 0.999982 0.999975 0.999965 0.999951 0.999932 0.999904 0.999865 0.999808 0.999726 0.999605 0.999428 0.999171 0.9988 0.998269 0.997524 0.9965 0.995137 0.993389 0.991257 0.988823 0.986281 0.983943 0.982187 0.981341 0.981547 0.982704 0.984509 0.98657 0.988523 0.990089 0.99109 0.991434 0.99109 0.990089 0.988523 0.98657 0.984509 0.982704 0.981547 0.981341 0.982187 0.983943 0.986281 0.988823 0.991257 0.993389 0.995137 0.9965 0.997524 0.998269 0.9988 0.999171 0.999428 0.999605 0.999726 0.999808 0.999865 0.999904 0.999932 0.999951 0.999965 0.999975 0.999982 0.999987 0.999991 0.999993 0.999995 0.999997 0.999998 0.999998 0.999999 0.999999 0.999999 1 1 1 1 1 1 1 1 
1 1 1 1 1 1 1 1 1 0.999999 0.999999 0.999999 0.999998 0.999997 0.999995 0.999994 0.999991 0.999987 0.999982 0.999975 0.999965 0.999951 0.999932 0.999905 0.999868 0.999814 0.999737 0.999625 0.99946 0.999216 0.998856 0.998326 0.997553 0.996441 0.994873 0.992722 0.989875 0.986284 0.982041 0.977465 0.973144 0.969854 0.968303 0.968807 0.971139 0.974646 0.978538 0.982129 0.984946 0.98672 0.987323 0.98672 0.984946 0.982129 0.978538 0.974646 0.971139 0.968807 0.968303 0.969854 0.973144 0.977465 0.982041 0.986284 0.989875 0.992722 0.994873 0.996441 0.997553 0.998326 0.998856 0.999216 0.99946 0.999625 0.999737 0.999814 0.999868 0.999905 0.999932 0.999951 0.999965 0.999975 0.999982 0.999987 0.999991 0.999994 0.999995 0.999997 0.999998 0.999999 0.999999 0.999999 1 1 1 1 1 1 1 1 
1 1 1 1 1 1 1 1 0.999999 0.999999 0.999999 0.999998 0.999997 0.999996 0.999994 0.999991 0.999987 0.999982 0.999974 0.999964 0.99995 0.999931 0.999904 0.999868 0.999817 0.999745 0.999641 0.999491 0.999269 0.99894 0.998446 0.997707 0.996607 0.994984 0.992631 0.989297 0.984725 0.978732 0.971359 0.963079 0.954983 0.948691 0.94578 0.946962 0.951698 0.958549 0.965885 0.972434 0.977434 0.980521 0.981559 0.980521 0.977434 0.972434 0.965885 0.958549 0.951698 0.946962 0.94578 0.948691 0.954983 0.963079 0.971359 0.978732 0.984725 0.989297 0.992631 0.994984 0.996607 0.997707 0.998446 0.99894 0.999269 0.999491 0.999641 0.999745 0.999817 0.999868 0.999904 0.999931 0.99995 0.999964 0.999974 0.999982 0.999987 0.999991 0.999994 0.999996 0.999997 0.999998 0.999999 0.999999 0.999999 1 1 1 1 1 1 1 
1 1 1 1 1 1 1 0.999999 0.999999 0.999999 0.999998 0.999997 0.999996 0.999994 0.999991 0.999987 0.999982 0.999974 0.999964 0.999949 0.999929 0.999902 0.999865 0.999814 0.999745 0.999647 0.999509 0.99931 0.999018 0.998582 0.997922 0.996919 0.995395 0.99309 0.989648 0.984603 0.977411 0.967558 0.954833 0.939804 0.924418 0.912112 0.906506 0.909236 0.918976 0.932434 0.946218 0.958026 0.966737 0.971986 0.97373 0.971986 0.966737 0.958026 0.946218 0.932434 0.918976 0.909236 0.906506 0.912112 0.924418 0.939804 0.954833 0.967558 0.977411 0.984603 0.989648 0.99309 0.995395 0.996919 0.997922 0.998582 0.999018 0.99931 0.999509 0.999647 0.999745 0.999814 0.999865 0.999902 0.999929 0.999949 0.999964 0.999974 0.999982 0.999987 0.999991 0.999994 0.999996 0.999997 0.999998 0.999999 0.999999 0.999999 1 1 1 1 1 1 
1 1 1 1 1 1 1 0.999999 0.999999 0.999998 0.999997 0.999996 0.999994 0.999992 0.999988 0.999983 0.999975 0.999964 0.999949 0.999928 0.999899 0.999861 0.999808 0.999737 0.999641 0.999509 0.999326 0.999065 0.998686 0.998121 0.997262 0.995942 0.993897 0.99073 0.985857 0.97846 0.967463 0.951637 0.929991 0.90277 0.873204 0.848661 0.837645 0.843919 0.864116 0.89061 0.916311 0.937224 0.952018 0.960678 0.963514 0.960678 0.952018 0.937224 0.916311 0.89061 0.864116 0.843919 0.837645 0.848661 0.873204 0.90277 0.929991 0.951637 0.967463 0.97846 0.985857 0.99073 0.993897 0.995942 0.997262 0.998121 0.998686 0.999065 0.999326 0.999509 0.999641 0.999737 0.999808 0.999861 0.999899 0.999928 0.999949 0.999964 0.999975 0.999983 0.999988 0.999992 0.999994 0.999996 0.999997 0.999998 0.999999 0.999999 1 1 1 1 1 1 
1 1 1 1 1 1 0.999999 0.999999 0.999999 0.999998 0.999997 0.999995 0.999992 0.999989 0.999984 0.999976 0.999965 0.999949 0.999928 0.999898 0.999857 0.999801 0.999726 0.999625 0.999491 0.99931 0.999065 0.998725 0.998238 0.997522 0.996436 0.994755 0.992112 0.987929 0.98131 0.970902 0.954746 0.930224 0.894431 0.845931 0.789455 0.740942 0.719749 0.733568 0.774449 0.825631 0.872506 0.908467 0.932705 0.94643 0.950851 0.94643 0.932705 0.908467 0.872506 0.825631 0.774449 0.733568 0.719749 0.740942 0.789455 0.845931 0.894431 0.930224 0.954746 0.970902 0.98131 0.987929 0.992112 0.994755 0.996436 0.997522 0.998238 0.998725 0.999065 0.99931 0.999491 0.999625 0.999726 0.999801 0.999857 0.999898 0.999928 0.999949 0.999965 0.999976 0.999984 0.999989 0.999992 0.999995 0.999997 0.999998 0.999999 0.999999 0.999999 1 1 1 1 1 
1 1 1 1 1 0.999999 0.999999 0.999999 0.999998 0.999997 0.999996 0.999993 0.99999 0.999985 0.999978 0.999967 0.999951 0.999929 0.999898 0.999855 0.999795 0.999714 0.999605 0.99946 0.999269 0.999018 0.998686 0.998238 0.997618 0.996725 0.995391 0.993328 0.990055 0.984784 0.976233 0.962346 0.939888 0.903956 0.847885 0.765926 0.665165 0.580137 0.545898 0.570757 0.642111 0.732236 0.81265 0.871308 0.908992 0.929622 0.936155 0.929622 0.908992 0.871308 0.81265 0.732236 0.642111 0.570757 0.545898 0.580137 0.665165 0.765926 0.847885 0.903956 0.939888 0.962346 0.976233 0.984784 0.990055 0.993328 0.995391 0.996725 0.997618 0.998238 0.998686 0.999018 0.999269 0.99946 0.999605 0.999714 0.999795 0.999855 0.999898 0.999929 0.999951 0.999967 0.999978 0.999985 0.99999 0.999993 0.999996 0.999997 0.999998 0.999999 0.999999 0.999999 1 1 1 1 
1 1 1 1 1 0.999999 0.999999 0.999998 0.999998 0.999996 0.999994 0.999991 0.999987 0.99998 0.99997 0.999955 0.999933 0.999902 0.999857 0.999794 0.999707 0.999588 0.999428 0.999216 0.99894 0.998582 0.998121 0.997522 0.996725 0.995624 0.994025 0.991588 0.987724 0.981433 0.97103 0.95369 0.924686 0.876218 0.79646 0.67434 0.527793 0.421896 0.386013 0.413191 0.497427 0.620975 0.740784 0.828072 0.882471 0.911452 0.920497 0.911452 0.882471 0.828072 0.740784 0.620975 0.497427 0.413191 0.386013 0.421896 0.527793 0.67434 0.79646 0.876218 0.924686 0.95369 0.97103 0.981433 0.987724 0.991588 0.994025 0.995624 0.996725 0.997522 0.998121 0.998582 0.99894 0.999216 0.999428 0.999588 0.999707 0.999794 0.999857 0.999902 0.999933 0.999955 0.99997 0.99998 0.999987 0.999991 0.999994 0.999996 0.999998 0.999998 0.999999 0.999999 1 1 1 1 
1 1 1 1 0.999999 0.999999 0.999999 0.999998 0.999997 0.999995 0.999993 0.999989 0.999982 0.999973 0.999959 0.999939 0.999909 0.999865 0.999801 0.99971 0.999584 0.999408 0.999171 0.998856 0.998446 0.997922 0.997262 0.996436 0.995391 0.994025 0.99214 0.989365 0.985031 0.977967 0.966155 0.946127 0.911896 0.853229 0.754321 0.603257 0.438617 0.339274 0.308949 0.328826 0.398873 0.523838 0.670084 0.78473 0.856343 0.893966 0.905596 0.893966 0.856343 0.78473 0.670084 0.523838 0.398873 0.328826 0.308949 0.339274 0.438617 0.603257 0.754321 0.853229 0.911896 0.946127 0.966155 0.977967 0.985031 0.989365 0.99214 0.994025 0.995391 0.996436 0.997262 0.997922 0.998446 0.998856 0.999171 0.999408 0.999584 0.99971 0.999801 0.999865 0.999909 0.999939 0.999959 0.999973 0.999982 0.999989 0.999993 0.999995 0.999997 0.999998 0.999999 0.999999 1 1 1 1 
1 1 1 1 0.999999 0.999999 0.999998 0.999998 0.999996 0.999994 0.999991 0.999985 0.999977 0.999965 0.999946 0.999918 0.999877 0.999815 0.999725 0.999595 0.999411 0.999153 0.9988 0.998326 0.997707 0.996919 0.995942 0.994755 0.993328 0.991588 0.989365 0.986296 0.981683 0.974264 0.961836 0.940589 0.903943 0.840688 0.734005 0.574301 0.410691 0.318195 0.288439 0.299009 0.35062 0.459802 0.614088 0.748605 0.834646 0.879693 0.893543 0.879693 0.834646 0.748605 0.614088 0.459802 0.35062 0.299009 0.288439 0.318195 0.410691 0.574301 0.734005 0.840688 0.903943 0.940589 0.961836 0.974264 0.981683 0.986296 0.989365 0.991588 0.993328 0.994755 0.995942 0.996919 0.997707 0.998326 0.9988 0.999153 0.999411 0.999595 0.999725 0.999815 0.999877 0.999918 0.999946 0.999965 0.999977 0.999985 0.999991 0.999994 0.999996 0.999998 0.999998 0.999999 0.999999 1 1 1 
1 1 1 1 0.999999 0.999999 0.999998 0.999997 0.999995 0.999992 0.999988 0.999981 0.999971 0.999955 0.99993 0.999893 0.999836 0.999751 0.999625 0.99944 0.999174 0.998795 0.998269 0.997553 0.996607 0.995395 0.993897 0.992112 0.990055 0.987724 0.985031 0.981683 0.977023 0.969791 0.957764 0.937152 0.901531 0.840253 0.737813 0.585491 0.426081 0.329565 0.292252 0.292619 0.33032 0.425405 0.579603 0.725788 0.821214 0.871085 0.886362 0.871085 0.821214 0.725788 0.579603 0.425405 0.33032 0.292619 0.292252 0.329565 0.426081 0.585491 0.737813 0.840253 0.901531 0.937152 0.957764 0.969791 0.977023 0.981683 0.985031 0.987724 0.990055 0.992112 0.993897 0.995395 0.996607 0.997553 0.998269 0.998795 0.999174 0.99944 0.999625 0.999751 0.999836 0.999893 0.99993 0.999955 0.999971 0.999981 0.999988 0.999992 0.999995 0.999997 0.999998 0.999999 0.999999 1 1 1 
1 1 1 0.999999 0.999999 0.999999 0.999998 0.999996 0.999994 0.999991 0.999985 0.999977 0.999963 0.999943 0.999911 0.999861 0.999785 0.999669 0.999496 0.999236 0.998856 0.998305 0.997524 0.996441 0.994984 0.99309 0.99073 0.987929 0.984784 0.981433 0.977967 0.974264 0.969791 0.963364 0.952866 0.934769 0.903344 0.849454 0.760022 0.625428 0.471692 0.361629 0.308644 0.29735 0.32673 0.416525 0.571259 0.721262 0.819115 0.869998 0.885537 0.869998 0.819115 0.721262 0.571259 0.416525 0.32673 0.29735 0.308644 0.361629 0.471692 0.625428 0.760022 0.849454 0.903344 0.934769 0.952866 0.963364 0.969791 0.974264 0.977967 0.981433 0.984784 0.987929 0.99073 0.99309 0.994984 0.996441 0.997524 0.998305 0.998856 0.999236 0.999496 0.999669 0.999785 0.999861 0.999911 0.999943 0.999963 0.999977 0.999985 0.999991 0.999994 0.999996 0.999998 0.999999 0.999999 1 1 1 
1 1 1 0.999999 0.999999 0.999998 0.999997 0.999996 0.999993 0.999989 0.999982 0.999972 0.999955 0.999929 0.999887 0.999823 0.999723 0.999569 0.999333 0.998975 0.998439 0.997648 0.9965 0.994873 0.992631 0.989648 0.985857 0.98131 0.976233 0.97103 0.966155 0.961836 0.957764 0.952866 0.945123 0.931333 0.906629 0.863727 0.792425 0.682915 0.543781 0.420442 0.34661 0.322292 0.348712 0.442127 0.596583 0.738894 0.829945 0.877126 0.89154 0.877126 0.829945 0.738894 0.596583 0.442127 0.348712 0.322292 0.34661 0.420442 0.543781 0.682915 0.792425 0.863727 0.906629 0.931333 0.945123 0.952866 0.957764 0.961836 0.966155 0.97103 0.976233 0.98131 0.985857 0.989648 0.992631 0.994873 0.9965 0.997648 0.998439 0.998975 0.999333 0.999569 0.999723 0.999823 0.999887 0.999929 0.999955 0.999972 0.999982 0.999989 0.999993 0.999996 0.999997 0.999998 0.999999 0.999999 1 1 
1 1 1 0.999999 0.999999 0.999998 0.999997 0.999995 0.999992 0.999987 0.999979 0.999966 0.999945 0.999913 0.999861 0.999779 0.99965 0.999449 0.999135 0.998652 0.997912 0.996796 0.995137 0.992722 0.989297 0.984603 0.97846 0.970902 0.962346 0.95369 0.946127 0.940589 0.937152 0.934769 0.931333 0.92375 0.907845 0.878045 0.827096 0.747213 0.637507 0.519742 0.431809 0.396382 0.423477 0.520505 0.659977 0.777764 0.852325 0.8914 0.903442 0.8914 0.852325 0.777764 0.659977 0.520505 0.423477 0.396382 0.431809 0.519742 0.637507 0.747213 0.827096 0.878045 0.907845 0.92375 0.931333 0.934769 0.937152 0.940589 0.946127 0.95369 0.962346 0.970902 0.97846 0.984603 0.989297 0.992722 0.995137 0.996796 0.997912 0.998652 0.999135 0.999449 0.99965 0.999779 0.999861 0.999913 0.999945 0.999966 0.999979 0.999987 0.999992 0.999995 0.999997 0.999998 0.999999 0.999999 1 1 
1 1 1 0.999999 0.999999 0.999998 0.999996 0.999994 0.99999 0.999984 0.999975 0.99996 0.999935 0.999895 0.999832 0.99973 0.999568 0.999311 0.998905 0.998267 0.997271 0.995734 0.993389 0.989875 0.984725 0.977411 0.967463 0.954746 0.939888 0.924686 0.911896 0.903943 0.901531 0.903344 0.906629 0.907845 0.902983 0.887646 0.857082 0.806735 0.735034 0.650529 0.577001 0.543483 0.568252 0.647605 0.746913 0.828118 0.881179 0.909977 0.919024 0.909977 0.881179 0.828118 0.746913 0.647605 0.568252 0.543483 0.577001 0.650529 0.735034 0.806735 0.857082 0.887646 0.902983 0.907845 0.906629 0.903344 0.901531 0.903943 0.911896 0.924686 0.939888 0.954746 0.967463 0.977411 0.984725 0.989875 0.993389 0.995734 0.997271 0.998267 0.998905 0.999311 0.999568 0.99973 0.999832 0.999895 0.999935 0.99996 0.999975 0.999984 0.99999 0.999994 0.999996 0.999998 0.999999 0.999999 1 1 
1 1 0.999999 0.999999 0.999998 0.999997 0.999996 0.999993 0.999989 0.999982 0.999971 0.999953 0.999924 0.999877 0.999801 0.999678 0.99948 0.999161 0.99865 0.997832 0.996531 0.994475 0.991257 0.986284 0.978732 0.967558 0.951637 0.930224 0.903956 0.876218 0.853229 0.840688 0.840253 0.849454 0.863727 0.878045 0.887646 0.888443 0.877319 0.852379 0.814018 0.767602 0.726171 0.707609 0.723988 0.770689 0.827602 0.876242 0.910096 0.929374 0.93558 0.929374 0.910096 0.876242 0.827602 0.770689 0.723988 0.707609 0.726171 0.767602 0.814018 0.852379 0.877319 0.888443 0.887646 0.878045 0.863727 0.849454 0.840253 0.840688 0.853229 0.876218 0.903956 0.930224 0.951637 0.967558 0.978732 0.986284 0.991257 0.994475 0.996531 0.997832 0.99865 0.999161 0.99948 0.999678 0.999801 0.999877 0.999924 0.999953 0.999971 0.999982 0.999989 0.999993 0.999996 0.999997 0.999998 0.999999 1 1 
1 1 0.999999 0.999999 0.999998 0.999997 0.999995 0.999992 0.999988 0.99998 0.999967 0.999947 0.999914 0.999859 0.99977 0.999626 0.99939 0.999007 0.998383 0.99737 0.995729 0.993079 0.988823 0.982041 0.971359 0.954833 0.929991 0.894431 0.847885 0.79646 0.754321 0.734005 0.737813 0.760022 0.792425 0.827096 0.857082 0.877319 0.885429 0.881383 0.867178 0.84734 0.829467 0.822629 0.832549 0.857016 0.887222 0.914597 0.934868 0.946947 0.950926 0.946947 0.934868 0.914597 0.887222 0.857016 0.832549 0.822629 0.829467 0.84734 0.867178 0.881383 0.885429 0.877319 0.857082 0.827096 0.792425 0.760022 0.737813 0.734005 0.754321 0.79646 0.847885 0.894431 0.929991 0.954833 0.971359 0.982041 0.988823 0.993079 0.995729 0.99737 0.998383 0.999007 0.99939 0.999626 0.99977 0.999859 0.999914 0.999947 0.999967 0.99998 0.999988 0.999992 0.999995 0.999997 0.999998 0.999999 1 1 
1 1 0.999999 0.999999 0.999998 0.999997 0.999995 0.999992 0.999986 0.999978 0.999964 0.999941 0.999904 0.999842 0.999742 0.999577 0.999305 0.998859 0.998125 0.996918 0.994929 0.991658 0.986281 0.977465 0.963079 0.939804 0.90277 0.845931 0.765926 0.67434 0.603257 0.574301 0.585491 0.625428 0.682915 0.747213 0.806735 0.852379 0.881383 0.895587 0.898743 0.895522 0.891237 0.890981 0.897764 0.910988 0.927144 0.942359 0.954146 0.961418 0.963859 0.961418 0.954146 0.942359 0.927144 0.910988 0.897764 0.890981 0.891237 0.895522 0.898743 0.895587 0.881383 0.852379 0.806735 0.747213 0.682915 0.625428 0.585491 0.574301 0.603257 0.67434 0.765926 0.845931 0.90277 0.939804 0.963079 0.977465 0.986281 0.991658 0.994929 0.996918 0.998125 0.998859 0.999305 0.999577 0.999742 0.999842 0.999904 0.999941 0.999964 0.999978 0.999987 0.999992 0.999995 0.999997 0.999998 0.999999 1 1 
1 1 0.999999 0.999999 0.999998 0.999997 0.999995 0.999991 0.999985 0.999976 0.999961 0.999936 0.999895 0.999828 0.999717 0.999534 0.999232 0.998732 0.997901 0.996521 0.99422 0.990377 0.983943 0.973144 0.954983 0.924418 0.873204 0.789455 0.665165 0.527793 0.438617 0.410691 0.426081 0.471692 0.543781 0.637507 0.735034 0.814018 0.867178 0.898743 0.915352 0.923004 0.926683 0.930208 0.935794 0.943734 0.952835 0.961447 0.968273 0.972578 0.97404 0.972578 0.968273 0.961447 0.952835 0.943734 0.935794 0.930208 0.926683 0.923004 0.915352 0.898743 0.867178 0.814018 0.735034 0.637507 0.543781 0.471692 0.426081 0.410691 0.438617 0.527793 0.665165 0.789455 0.873204 0.924418 0.954983 0.973144 0.983943 0.990377 0.99422 0.996521 0.997901 0.998732 0.999232 0.999534 0.999717 0.999828 0.999895 0.999936 0.999961 0.999976 0.999985 0.999991 0.999995 0.999997 0.999998 0.999999 1 1 
1 1 0.999999 0.999999 0.999998 0.999996 0.999994 0.999991 0.999985 0.999975 0.999959 0.999932 0.999889 0.999817 0.999698 0.999502 0.999177 0.998636 0.997735 0.996227 0.993694 0.989424 0.982187 0.969854 0.948691 0.912112 0.848661 0.740942 0.580137 0.421896 0.339274 0.318195 0.329565 0.361629 0.420442 0.519742 0.650529 0.767602 0.84734 0.895522 0.923004 0.938197 0.946852 0.952734 0.958013 0.963514 0.9691 0.974201 0.978234 0.980794 0.981668 0.980794 0.978234 0.974201 0.9691 0.963514 0.958013 0.952734 0.946852 0.938197 0.923004 0.895522 0.84734 0.767602 0.650529 0.519742 0.420442 0.361629 0.329565 0.318195 0.339274 0.421896 0.580137 0.740942 0.848661 0.912112 0.948691 0.969854 0.982187 0.989424 0.993694 0.996227 0.997735 0.998636 0.999177 0.999502 0.999698 0.999817 0.999889 0.999932 0.999959 0.999975 0.999985 0.999991 0.999994 0.999997 0.999998 0.999999 0.999999 1 
1 1 0.999999 0.999999 0.999998 0.999996 0.999994 0.99999 0.999984 0.999974 0.999957 0.999929 0.999884 0.99981 0.999687 0.999483 0.999145 0.998583 0.997644 0.996072 0.993426 0.988952 0.981341 0.968303 0.94578 0.906506 0.837645 0.719749 0.545898 0.386013 0.308949 0.288439 0.292252 0.308644 0.34661 0.431809 0.577001 0.726171 0.829467 0.891237 0.926683 0.946852 0.958559 0.965886 0.971159 0.975519 0.979341 0.982587 0.985079 0.986645 0.987178 0.986645 0.985079 0.982587 0.979341 0.975519 0.971159 0.965886 0.958559 0.946852 0.926683 0.891237 0.829467 0.726171 0.577001 0.431809 0.34661 0.308644 0.292252 0.288439 0.308949 0.386013 0.545898 0.719749 0.837645 0.906506 0.94578 0.968303 0.981341 0.988952 0.993426 0.996072 0.997644 0.998583 0.999145 0.999483 0.999687 0.99981 0.999884 0.999929 0.999957 0.999974 0.999984 0.99999 0.999994 0.999996 0.999998 0.999999 0.999999 1 
1 1 0.999999 0.999999 0.999998 0.999996 0.999994 0.99999 0.999984 0.999973 0.999956 0.999928 0.999882 0.999807 0.999682 0.999477 0.999138 0.998574 0.997637 0.996071 0.993447 0.989028 0.981547 0.968807 0.946962 0.909236 0.843919 0.733568 0.570757 0.413191 0.328826 0.299009 0.292619 0.29735 0.322292 0.396382 0.543483 0.707609 0.822629 0.890981 0.930208 0.952734 0.965886 0.973887 0.979131 0.982901 0.985803 0.988058 0.989704 0.990713 0.991054 0.990713 0.989704 0.988058 0.985803 0.982901 0.979131 0.973887 0.965886 0.952734 0.930208 0.890981 0.822629 0.707609 0.543483 0.396382 0.322292 0.29735 0.292619 0.299009 0.328826 0.413191 0.570757 0.733568 0.843919 0.909236 0.946962 0.968807 0.981547 0.989028 0.993447 0.996071 0.997637 0.998574 0.999138 0.999477 0.999682 0.999807 0.999882 0.999928 0.999956 0.999973 0.999984 0.99999 0.999994 0.999996 0.999998 0.999999 0.999999 1 
1 1 0.999999 0.999999 0.999998 0.999996 0.999994 0.99999 0.999983 0.999973 0.999956 0.999928 0.999882 0.999807 0.999685 0.999484 0.999153 0.998607 0.997706 0.996213 0.993734 0.989604 0.982704 0.971139 0.951698 0.918976 0.864116 0.774449 0.642111 0.497427 0.398873 0.35062 0.33032 0.32673 0.348712 0.423477 0.568252 0.723988 0.832549 0.897764 0.935794 0.958013 0.971159 0.979131 0.984172 0.987544 0.989919 0.991623 0.992798 0.993494 0.993725 0.993494 0.992798 0.991623 0.989919 0.987544 0.984172 0.979131 0.971159 0.958013 0.935794 0.897764 0.832549 0.723988 0.568252 0.423477 0.348712 0.32673 0.33032 0.35062 0.398873 0.497427 0.642111 0.774449 0.864116 0.918976 0.951698 0.971139 0.982704 0.989604 0.993734 0.996213 0.997706 0.998607 0.999153 0.999484 0.999685 0.999807 0.999882 0.999928 0.999956 0.999973 0.999983 0.99999 0.999994 0.999996 0.999998 0.999999 0.999999 1 
1 1 0.999999 0.999999 0.999998 0.999996 0.999994 0.99999 0.999983 0.999973 0.999956 0.999929 0.999884 0.999811 0.999693 0.9995 0.999186 0.998673 0.997834 0.996462 0.994215 0.990536 0.984509 0.974646 0.958549 0.932434 0.89061 0.825631 0.732236 0.620975 0.523838 0.459802 0.425405 0.416525 0.442127 0.520505 0.647605 0.770689 0.857016 0.910988 0.943734 0.963514 0.975519 0.982901 0.987544 0.99056 0.99258 0.993952 0.994853 0.995369 0.995538 0.995369 0.994853 0.993952 0.99258 0.99056 0.987544 0.982901 0.975519 0.963514 0.943734 0.910988 0.857016 0.770689 0.647605 0.520505 0.442127 0.416525 0.425405 0.459802 0.523838 0.620975 0.732236 0.825631 0.89061 0.932434 0.958549 0.974646 0.984509 0.990536 0.994215 0.996462 0.997834 0.998673 0.999186 0.9995 0.999693 0.999811 0.999884 0.999929 0.999956 0.999973 0.999983 0.99999 0.999994 0.999996 0.999998 0.999999 0.999999 1 
1 1 0.999999 0.999999 0.999998 0.999996 0.999994 0.99999 0.999983 0.999973 0.999957 0.99993 0.999887 0.999817 0.999704 0.999523 0.999229 0.998756 0.997993 0.996765 0.994791 0.991626 0.98657 0.978538 0.965885 0.946218 0.916311 0.872506 0.81265 0.740784 0.670084 0.614088 0.579603 0.571259 0.596583 0.659977 0.746913 0.827602 0.887222 0.927144 0.952835 0.9691 0.979341 0.985803 0.989919 0.99258 0.994327 0.995477 0.996209 0.996618 0.996749 0.996618 0.996209 0.995477 0.994327 0.99258 0.989919 0.985803 0.979341 0.9691 0.952835 0.927144 0.887222 0.827602 0.746913 0.659977 0.596583 0.571259 0.579603 0.614088 0.670084 0.740784 0.81265 0.872506 0.916311 0.946218 0.965885 0.978538 0.98657 0.991626 0.994791 0.996765 0.997993 0.998756 0.999229 0.999523 0.999704 0.999817 0.999887 0.99993 0.999957 0.999973 0.999983 0.99999 0.999994 0.999996 0.999998 0.999999 0.999999 1 
1 1 0.999999 0.999999 0.999998 0.999996 0.999994 0.99999 0.999984 0.999974 0.999957 0.999932 0.99989 0.999823 0.999717 0.999546 0.999274 0.998842 0.998155 0.997068 0.995358 0.992681 0.988523 0.982129 0.972434 0.958026 0.937224 0.908467 0.871308 0.828072 0.78473 0.748605 0.725788 0.721262 0.738894 0.777764 0.828118 0.876242 0.914597 0.942359 0.961447 0.974201 0.982587 0.988058 0.991623 0.993952 0.995477 0.996469 0.99709 0.997431 0.99754 0.997431 0.99709 0.996469 0.995477 0.993952 0.991623 0.988058 0.982587 0.974201 0.961447 0.942359 0.914597 0.876242 0.828118 0.777764 0.738894 0.721262 0.725788 0.748605 0.78473 0.828072 0.871308 0.908467 0.937224 0.958026 0.972434 0.982129 0.988523 0.992681 0.995358 0.997068 0.998155 0.998842 0.999274 0.999546 0.999717 0.999823 0.99989 0.999932 0.999957 0.999974 0.999984 0.99999 0.999994 0.999996 0.999998 0.999999 0.999999 1 
1 1 0.999999 0.999999 0.999998 0.999996 0.999994 0.99999 0.999984 0.999974 0.999958 0.999933 0.999893 0.999829 0.999728 0.999567 0.999313 0.998915 0.998291 0.997323 0.995828 0.993543 0.990089 0.984946 0.977434 0.966737 0.952018 0.932705 0.908992 0.882471 0.856343 0.834646 0.821214 0.819115 0.829945 0.852325 0.881179 0.910096 0.934868 0.954146 0.968273 0.978234 0.985079 0.989704 0.992798 0.994853 0.996209 0.99709 0.997637 0.997936 0.998032 0.997936 0.997637 0.99709 0.996209 0.994853 0.992798 0.989704 0.985079 0.978234 0.968273 0.954146 0.934868 0.910096 0.881179 0.852325 0.829945 0.819115 0.821214 0.834646 0.856343 0.882471 0.908992 0.932705 0.952018 0.966737 0.977434 0.984946 0.990089 0.993543 0.995828 0.997323 0.998291 0.998915 0.999313 0.999567 0.999728 0.999829 0.999893 0.999933 0.999958 0.999974 0.999984 0.99999 0.999994 0.999996 0.999998 0.999999 0.999999 1 
1 1 0.999999 0.999999 0.999998 0.999996 0.999994 0.99999 0.999984 0.999974 0.999959 0.999934 0.999895 0.999833 0.999735 0.999581 0.999339 0.998964 0.998382 0.99749 0.996135 0.9941 0.99109 0.98672 0.980521 0.971986 0.960678 0.94643 0.929622 0.911452 0.893966 0.879693 0.871085 0.869998 0.877126 0.8914 0.909977 0.929374 0.946947 0.961418 0.972578 0.980794 0.986645 0.990713 0.993494 0.995369 0.996618 0.997431 0.997936 0.998212 0.998299 0.998212 0.997936 0.997431 0.996618 0.995369 0.993494 0.990713 0.986645 0.980794 0.972578 0.961418 0.946947 0.929374 0.909977 0.8914 0.877126 0.869998 0.871085 0.879693 0.893966 0.911452 0.929622 0.94643 0.960678 0.971986 0.980521 0.98672 0.99109 0.9941 0.996135 0.99749 0.998382 0.998964 0.999339 0.999581 0.999735 0.999833 0.999895 0.999934 0.999959 0.999974 0.999984 0.99999 0.999994 0.999996 0.999998 0.999999 0.999999 1 
1 1 0.999999 0.999999 0.999998 0.999996 0.999994 0.99999 0.999984 0.999974 0.999959 0.999934 0.999896 0.999834 0.999738 0.999586 0.999349 0.998981 0.998414 0.997549 0.996242 0.994293 0.991434 0.987323 0.981559 0.97373 0.963514 0.950851 0.936155 0.920497 0.905596 0.893543 0.886362 0.885537 0.89154 0.903442 0.919024 0.93558 0.950926 0.963859 0.97404 0.981668 0.987178 0.991054 0.993725 0.995538 0.996749 0.99754 0.998032 0.998299 0.998384 0.998299 0.998032 0.99754 0.996749 0.995538 0.993725 0.991054 0.987178 0.981668 0.97404 0.963859 0.950926 0.93558 0.919024 0.903442 0.89154 0.885537 0.886362 0.893543 0.905596 0.920497 0.936155 0.950851 0.963514 0.97373 0.981559 0.987323 0.991434 0.994293 0.996242 0.997549 0.998414 0.998981 0.999349 0.999586 0.999738 0.999834 0.999896 0.999934 0.999959 0.999974 0.999984 0.99999 0.999994 0.999996 0.999998 0.999999 0.999999 1 
1 1 0.999999 0.999999 0.999998 0.999996 0.999994 0.99999 0.999984 0.999974 0.999959 0.999934 0.999895 0.999833 0.999735 0.999581 0.999339 0.998964 0.998382 0.99749 0.996135 0.9941 0.99109 0.98672 0.980521 0.971986 0.960678 0.94643 0.929622 0.911452 0.893966 0.879693 0.871085 0.869998 0.877126 0.8914 0.909977 0.929374 0.946947 0.961418 0.972578 0.980794 0.986645 0.990713 0.993494 0.995369 0.996618 0.997431 0.997936 0.998212 0.998299 0.998212 0.997936 0.997431 0.996618 0.995369 0.993494 0.990713 0.986645 0.980794 0.972578 0.961418 0.946947 0.929374 0.909977 0.8914 0.877126 0.869998 0.871085 0.879693 0.893966 0.911452 0.929622 0.94643 0.960678 0.971986 0.980521 0.98672 0.99109 0.9941 0.996135 0.99749 0.998382 0.998964 0.999339 0.999581 0.999735 0.999833 0.999895 0.999934 0.999959 0.999974 0.999984 0.99999 0.999994 0.999996 0.999998 0.999999 0.999999 1 
1 1 0.999999 0.999999 0.999998 0.999996 0.999994 0.99999 0.999984 0.999974 0.999958 0.999933 0.999893 0.999829 0.999728 0.999567 0.999313 0.998915 0.998291 0.997323 0.995828 0.993543 0.990089 0.984946 0.977434 0.966737 0.952018 0.932705 0.908992 0.882471 0.856343 0.834646 0.821214 0.819115 0.829945 0.852325 0.881179 0.910096 0.934868 0.954146 0.968273 0.978234 0.985079 0.989704 0.992798 0.994853 0.996209 0.99709 0.997637 0.997936 0.998032 0.997936 0.997637 0.99709 0.996209 0.994853 0.992798 0.989704 0.985079 0.978234 0.968273 0.954146 0.934868 0.910096 0.881179 0.852325 0.829945 0.819115 0.821214 0.834646 0.856343 0.882471 0.908992 0.932705 0.952018 0.966737 0.977434 0.984946 0.990089 0.993543 0.995828 0.997323 0.998291 0.998915 0.999313 0.999567 0.999728 0.999829 0.999893 0.999933 0.999958 0.999974 0.999984 0.99999 0.999994 0.999996 0.999998 0.999999 0.999999 1 
1 1 0.999999 0.999999 0.999998 0.999996 0.999994 0.99999 0.999984 0.999974 0.999957 0.999932 0.99989 0.999823 0.999717 0.999546 0.999274 0.998842 0.998155 0.997068 0.995358 0.992681 0.988523 0.982129 0.972434 0.958026 0.937224 0.908467 0.871308 0.828072 0.78473 0.748605 0.725788 0.721262 0.738894 0.777764 0.828118 0.876242 0.914597 0.942359 0.961447 0.974201 0.982587 0.988058 0.991623 0.993952 0.995477 0.996469 0.99709 0.997431 0.99754 0.997431 0.99709 0.996469 0.995477 0.993952 0.991623 0.988058 0.982587 0.974201 0.961447 0.942359 0.914597 0.876242 0.828118 0.777764 0.738894 0.721262 0.725788 0.748605 0.78473 0.828072 0.871308 0.908467 0.937224 0.958026 0.972434 0.982129 0.988523 0.992681 0.995358 0.997068 0.998155 0.998842 0.999274 0.999546 0.999717 0.999823 0.99989 0.999932 0.999957 0.999974 0.999984 0.99999 0.999994 0.999996 0.999998 0.999999 0.999999 1 
