1 1 1 1 1 1 1 1 1 1 1 1 1 1 1 1 1 1 1 1 1 1 1 1 1 1 1 1 1 1 1 1 1 1 1 1 1 1 1 1 1 1 1 1 1 1 1 1 1 1 1 1 1 1 1 1 1 1 1 1 1 1 1 1 1 1 1 1 1 1 1 1 1 1 1 1 1 1 1 1 1 1 1 1 1 1 1 1 1 1 1 1 1 1 1 1 1 1 1 1 
1 1 1 1 1 1 1 1 1 1 1 1 1 1 1 1 1 1 1 1 1 1 1 1 1 1 1 1 1 1 1 1 1 1 1 1 1 1 1 1 1 1 1 1 1 1 1 1 1 1 1 1 1 1 1 1 1 1 1 1 1 1 1 1 1 1 1 1 1 1 1 1 1 1 1 1 1 1 1 1 1 1 1 1 1 1 1 1 1 1 1 1 1 1 1 1 1 1 1 1 
1 1 1 1 1 1 1 1 1 1 1 1 1 1 1 1 1 1 1 1 1 1 1 1 1 1 1 1 1 1 1 1 1 1 1 1 1 1 1 1 1 1 1 1 1 1 1 1 1 1 1 1 1 1 1 1 1 1 1 1 1 1 1 1 1 1 1 1 1 1 1 1 1 1 1 1 1 1 1 1 1 1 1 1 1 1 1 1 1 1 1 1 1 1 1 1 1 1 1 1 
1 1 1 1 1 1 1 1 1 1 1 1 1 1 1 1 1 1 1 1 1 1 1 1 1 1 1 1 1 1 1 1 1 1 1 1 1 1 1 1 1 1 1 1 1 1 1 1 1 1 1 1 1 1 1 1 1 1 1 1 1 1 1 1 1 1 1 1 1 1 1 1 1 1 1 1 1 1 1 1 1 1 1 1 1 1 1 1 1 1 1 1 1 1 1 1 1 1 1 1 
1 1 1 1 1 1 1 1 1 1 1 1 1 1 1 1 1 1 1 1 1 1 1 1 1 1 1 1 1 1 1 1 1 1 1 1 1 1 1 1 1 1 1 1 1 1 1 1 1 1 1 1 1 1 1 1 1 1 1 1 1 1 1 1 1 1 1 1 1 1 1 1 1 1 1 1 1 1 1 1 1 1 1 1 1 1 1 1 1 1 1 1 1 1 1 1 1 1 1 1 
1 1 1 1 1 1 1 1 1 1 1 1 1 1 1 1 1 1 1 1 1 1 1 1 1 1 1 1 1 1 1 1 1 1 1 1 1 1 1 1 1 1 1 1 1 1 1 1 1 1 1 1 1 1 1 1 1 1 1 1 1 1 1 1 1 1 1 1 1 1 1 1 1 1 1 1 1 1 1 1 1 1 1 1 1 1 1 1 1 1 1 1 1 1 1 1 1 1 1 1 
1 1 1 1 1 1 1 1 1 1 1 1 1 1 1 1 1 1 1 1 1 1 1 1 1 1 1 1 1 1 1 1 1 1 1 1 1 1 1 1 1 1 1 1 1 1 1 1 1 1 1 1 1 1 1 1 1 1 1 1 1 1 1 1 1 1 1 1 1 1 1 1 1 1 1 1 1 1 1 1 1 1 1 1 1 1 1 1 1 1 1 1 1 1 1 1 1 1 1 1 
1 1 1 1 1 1 1 1 1 1 1 1 1 1 1 1 1 1 1 1 1 1 1 1 1 1 1 1 1 1 1 1 1 1 1 1 1 1 1 1 1 1 1 1 1 1 1 1 1 1 1 1 1 1 1 1 1 1 1 1 1 1 1 1 1 1 1 1 1 1 1 1 1 1 1 1 1 1 1 1 1 1 1 1 1 1 1 1 1 1 1 1 1 1 1 1 1 1 1 1 
1 1 1 1 1 1 1 1 1 1 1 1 1 1 1 1 1 1 1 1 1 1 1 1 1 1 1 1 1 1 1 1 1 1 1 1 1 1 1 1 1 1 0.999999 0.999999 0.999999 0.999999 0.999999 0.999999 0.999999 0.999999 0.999999 0.999999 0.999999 0.999999 0.999999 0.999999 0.999999 0.999999 0.999999 1 1 1 1 1 1 1 1 1 1 1 1 1 1 1 1 1 1 1 1 1 1 1 1 1 1 1 1 1 1 1 1 1 1 1 1 1 1 1 1 1 
1 1 1 1 1 1 1 1 1 1 1 1 1 1 1 1 1 1 1 1 1 1 1 1 1 1 1 1 1 1 1 1 1 1 1 1 0.999999 0.999999 0.999999 0.999999 0.999999 0.999999 0.999999 0.999999 0.999999 0.999999 0.999999 0.999999 0.999999 0.999999 0.999999 0.999999 0.999999 0.999999 0.999999 0.999999 0.999999 0.999999 0.999999 0.999999 0.999999 0.999999 0.999999 0.999999 0.999999 1 1 1 1 1 1 1 1 1 1 1 1 1 1 1 1 1 1 1 1 1 1 1 1 1 1 1 1 1 1 1 1 1 1 1 
1 1 1 1 1 1 1 1 1 1 1 1 1 1 1 1 1 1 1 1 1 1 1 1 1 1 1 1 1 1 1 1 0.999999 0.999999 0.999999 0.999999 0.999999 0.999999 0.999999 0.999999 0.999999 0.999999 0.999999 0.999999 0.999999 0.999999 0.999999 0.999999 0.999999 0.999999 0.999999 0.999999 0.999999 0.999999 0.999999 0.999999 0.999999 0.999999 0.999999 0.999999 0.999999 0.999999 0.999999 0.999999 0.999999 0.999999 0.999999 0.999999 0.999999 1 1 1 1 1 1 1 1 1 1 1 1 1 1 1 1 1 1 1 1 1 1 1 1 1 1 1 1 1 1 1 
1 1 1 1 1 1 1 1 1 1 1 1 1 1 1 1 1 1 1 1 1 1 1 1 1 1 1 1 1 1 0.999999 0.999999 0.999999 0.999999 0.999999 0.999999 0.999999 0.999998 0.999998 0.999998 0.999998 0.999998 0.999998 0.999998 0.999998 0.999998 0.999998 0.999998 0.999998 0.999998 0.999998 0.999998 0.999998 0.999998 0.999998 0.999998 0.999998 0.999998 0.999998 0.999998 0.999998 0.999998 0.999998 0.999998 0.999999 0.999999 0.999999 0.999999 0.999999 0.999999 0.999999 1 1 1 1 1 1 1 1 1 1 1 1 1 1 1 1 1 1 1 1 1 1 1 1 1 1 1 1 1 
1 1 1 1 1 1 1 1 1 1 1 1 1 1 1 1 1 1 1 1 1 1 1 1 1 1 1 1 0.999999 0.999999 0.999999 0.999999 0.999999 0.999998 0.999998 0.999998 0.999998 0.999997 0.999997 0.999997 0.999997 0.999996 0.999996 0.999996 0.999996 0.999996 0.999996 0.999996 0.999996 0.999996 0.999996 0.999996 0.999996 0.999996 0.999996 0.999996 0.999996 0.999996 0.999996 0.999996 0.999997 0.999997 0.999997 0.999997 0.999998 0.999998 0.999998 0.999998 0.999999 0.999999 0.999999 0.999999 0.999999 1 1 1 1 1 1 1 1 1 1 1 1 1 1 1 1 1 1 1 1 1 1 1 1 1 1 1 
1 1 1 1 1 1 1 1 1 1 1 1 1 1 1 1 1 1 1 1 1 1 1 1 1 1 0.999999 0.999999 0.999999 0.999999 0.999999 0.999998 0.999998 0.999998 0.999997 0.999997 0.999996 0.999996 0.999995 0.999995 0.999994 0.999994 0.999994 0.999994 0.999994 0.999994 0.999994 0.999994 0.999994 0.999994 0.999994 0.999994 0.999994 0.999994 0.999994 0.999994 0.999994 0.999994 0.999994 0.999994 0.999994 0.999995 0.999995 0.999996 0.999996 0.999997 0.999997 0.999998 0.999998 0.999998 0.999999 0.999999 0.999999 0.999999 0.999999 1 1 1 1 1 1 1 1 1 1 1 1 1 1 1 1 1 1 1 1 1 1 1 1 1 
1 1 1 1 1 1 1 1 1 1 1 1 1 1 1 1 1 1 1 1 1 1 1 1 1 0.999999 0.999999 0.999999 0.999999 0.999998 0.999998 0.999997 0.999997 0.999996 0.999995 0.999995 0.999994 0.999993 0.999992 0.999992 0.999991 0.99999 0.99999 0.99999 0.99999 0.999989 0.999989 0.99999 0.99999 0.99999 0.99999 0.99999 0.99999 0.99999 0.999989 0.999989 0.99999 0.99999 0.99999 0.99999 0.999991 0.999992 0.999992 0.999993 0.999994 0.999995 0.999995 0.999996 0.999997 0.999997 0.999998 0.999998 0.999999 0.999999 0.999999 0.999999 1 1 1 1 1 1 1 1 1 1 1 1 1 1 1 1 1 1 1 1 1 1 1 1 
1 1 1 1 1 1 1 1 1 1 1 1 1 1 1 1 1 1 1 1 1 1 1 0.999999 0.999999 0.999999 0.999999 0.999998 0.999998 0.999997 0.999997 0.999996 0.999995 0.999994 0.999993 0.999991 0.99999 0.999989 0.999987 0.999986 0.999985 0.999984 0.999983 0.999983 0.999983 0.999983 0.999983 0.999983 0.999983 0.999983 0.999983 0.999983 0.999983 0.999983 0.999983 0.999983 0.999983 0.999983 0.999983 0.999984 0.999985 0.999986 0.999987 0.999989 0.99999 0.999991 0.999993 0.999994 0.999995 0.999996 0.999997 0.999997 0.999998 0.999998 0.999999 0.999999 0.999999 0.999999 1 1 1 1 1 1 1 1 1 1 1 1 1 1 1 1 1 1 1 1 1 1 
1 1 1 1 1 1 1 1 1 1 1 1 1 1 1 1 1 1 1 1 1 1 0.999999 0.999999 0.999999 0.999999 0.999998 0.999998 0.999997 0.999996 0.999995 0.999994 0.999992 0.99999 0.999988 0.999986 0.999984 0.999982 0.99998 0.999977 0.999975 0.999974 0.999973 0.999972 0.999971 0.999971 0.999971 0.999972 0.999972 0.999972 0.999972 0.999972 0.999972 0.999972 0.999971 0.999971 0.999971 0.999972 0.999973 0.999974 0.999975 0.999977 0.99998 0.999982 0.999984 0.999986 0.999988 0.99999 0.999992 0.999994 0.999995 0.999996 0.999997 0.999998 0.999998 0.999999 0.999999 0.999999 0.999999 1 1 1 1 1 1 1 1 1 1 1 1 1 1 1 1 1 1 1 1 1 
1 1 1 1 1 1 1 1 1 1 1 1 1 1 1 1 1 1 1 1 1 0.999999 0.999999 0.999999 0.999998 0.999998 0.999997 0.999996 0.999995 0.999994 0.999992 0.99999 0.999988 0.999985 0.999982 0.999978 0.999974 0.99997 0.999967 0.999963 0.99996 0.999957 0.999955 0.999953 0.999953 0.999953 0.999953 0.999954 0.999954 0.999955 0.999955 0.999955 0.999954 0.999954 0.999953 0.999953 0.999953 0.999953 0.999955 0.999957 0.99996 0.999963 0.999967 0.99997 0.999974 0.999978 0.999982 0.999985 0.999988 0.99999 0.999992 0.999994 0.999995 0.999996 0.999997 0.999998 0.999998 0.999999 0.999999 0.999999 1 1 1 1 1 1 1 1 1 1 1 1 1 1 1 1 1 1 1 1 
1 1 1 1 1 1 1 1 1 1 1 1 1 1 1 1 1 1 1 1 0.999999 0.999999 0.999999 0.999998 0.999998 0.999997 0.999996 0.999994 0.999993 0.99999 0.999988 0.999984 0.99998 0.999976 0.999971 0.999965 0.999959 0.999952 0.999945 0.999939 0.999933 0.999929 0.999925 0.999922 0.999921 0.999922 0.999922 0.999924 0.999925 0.999926 0.999927 0.999926 0.999925 0.999924 0.999922 0.999922 0.999921 0.999922 0.999925 0.999929 0.999933 0.999939 0.999945 0.999952 0.999959 0.999965 0.999971 0.999976 0.99998 0.999984 0.999988 0.99999 0.999993 0.999994 0.999996 0.999997 0.999998 0.999998 0.999999 0.999999 0.999999 1 1 1 1 1 1 1 1 1 1 1 1 1 1 1 1 1 1 1 
1 1 1 1 1 1 1 1 1 1 1 1 1 1 1 1 1 1 1 0.999999 0.999999 0.999999 0.999998 0.999997 0.999996 0.999995 0.999994 0.999991 0.999989 0.999985 0.999981 0.999976 0.99997 0.999962 0.999954 0.999944 0.999933 0.999922 0.999911 0.9999 0.99989 0.999881 0.999875 0.999871 0.99987 0.99987 0.999872 0.999875 0.999878 0.999879 0.99988 0.999879 0.999878 0.999875 0.999872 0.99987 0.99987 0.999871 0.999875 0.999881 0.99989 0.9999 0.999911 0.999922 0.999933 0.999944 0.999954 0.999962 0.99997 0.999976 0.999981 0.999985 0.999989 0.999991 0.999994 0.999995 0.999996 0.999997 0.999998 0.999999 0.999999 0.999999 1 1 1 1 1 1 1 1 1 1 1 1 1 1 1 1 1 1 
1 1 1 1 1 1 1 1 1 1 1 1 1 1 1 1 1 1 0.999999 0.999999 0.999999 0.999998 0.999997 0.999996 0.999995 0.999993 0.999991 0.999987 0.999983 0.999978 0.999971 0.999963 0.999953 0.999941 0.999927 0.999911 0.999893 0.999874 0.999854 0.999835 0.999818 0.999803 0.999792 0.999785 0.999783 0.999784 0.999788 0.999794 0.999799 0.999803 0.999805 0.999803 0.999799 0.999794 0.999788 0.999784 0.999783 0.999785 0.999792 0.999803 0.999818 0.999835 0.999854 0.999874 0.999893 0.999911 0.999927 0.999941 0.999953 0.999963 0.999971 0.999978 0.999983 0.999987 0.999991 0.999993 0.999995 0.999996 0.999997 0.999998 0.999999 0.999999 0.999999 1 1 1 1 1 1 1 1 1 1 1 1 1 1 1 1 1 
1 1 1 1 1 1 1 1 1 1 1 1 1 1 1 1 1 0.999999 0.999999 0.999999 0.999998 0.999997 0.999996 0.999995 0.999993 0.99999 0.999986 0.999981 0.999975 0.999967 0.999956 0.999943 0.999927 0.999908 0.999885 0.999858 0.999828 0.999796 0.999763 0.99973 0.999699 0.999673 0.999653 0.999642 0.999638 0.999641 0.99965 0.999661 0.999672 0.999679 0.999682 0.999679 0.999672 0.999661 0.99965 0.999641 0.999638 0.999642 0.999653 0.999673 0.999699 0.99973 0.999763 0.999796 0.999828 0.999858 0.999885 0.999908 0.999927 0.999943 0.999956 0.999967 0.999975 0.999981 0.999986 0.99999 0.999993 0.999995 0.999996 0.999997 0.999998 0.999999 0.999999 0.999999 1 1 1 1 1 1 1 1 1 1 1 1 1 1 1 1 
1 1 1 1 1 1 1 1 1 1 1 1 1 1 1 1 0.999999 0.999999 0.999999 0.999998 0.999997 0.999996 0.999995 0.999992 0.999989 0.999985 0.99998 0.999972 0.999963 0.99995 0.999934 0.999913 0.999888 0.999856 0.999819 0.999775 0.999725 0.999671 0.999613 0.999556 0.999502 0.999455 0.999421 0.9994 0.999394 0.999402 0.99942 0.999442 0.999463 0.999478 0.999483 0.999478 0.999463 0.999442 0.99942 0.999402 0.999394 0.9994 0.999421 0.999455 0.999502 0.999556 0.999613 0.999671 0.999725 0.999775 0.999819 0.999856 0.999888 0.999913 0.999934 0.99995 0.999963 0.999972 0.99998 0.999985 0.999989 0.999992 0.999995 0.999996 0.999997 0.999998 0.999999 0.999999 0.999999 1 1 1 1 1 1 1 1 1 1 1 1 1 1 1 
1 1 1 1 1 1 1 1 1 1 1 1 1 1 1 0.999999 0.999999 0.999999 0.999998 0.999997 0.999996 0.999995 0.999992 0.999989 0.999985 0.999979 0.99997 0.999959 0.999945 0.999926 0.999901 0.999869 0.999828 0.999778 0.999718 0.999646 0.999562 0.99947 0.999371 0.99927 0.999175 0.999092 0.99903 0.998993 0.998985 0.999002 0.999037 0.999081 0.999122 0.999152 0.999162 0.999152 0.999122 0.999081 0.999037 0.999002 0.998985 0.998993 0.99903 0.999092 0.999175 0.99927 0.999371 0.99947 0.999562 0.999646 0.999718 0.999778 0.999828 0.999869 0.999901 0.999926 0.999945 0.999959 0.99997 0.999979 0.999985 0.999989 0.999992 0.999995 0.999996 0.999997 0.999998 0.999999 0.999999 0.999999 1 1 1 1 1 1 1 1 1 1 1 1 1 1 
1 1 1 1 1 1 1 1 1 1 1 1 1 1 1 0.999999 0.999999 0.999998 0.999998 0.999996 0.999995 0.999993 0.999989 0.999985 0.999978 0.99997 0.999957 0.999941 0.999919 0.99989 0.999852 0.999802 0.999739 0.99966 0.999562 0.999444 0.999306 0.999149 0.998978 0.998803 0.998633 0.998485 0.998372 0.998306 0.998293 0.998329 0.998399 0.998486 0.998568 0.998626 0.998646 0.998626 0.998568 0.998486 0.998399 0.998329 0.998293 0.998306 0.998372 0.998485 0.998633 0.998803 0.998978 0.999149 0.999306 0.999444 0.999562 0.99966 0.999739 0.999802 0.999852 0.99989 0.999919 0.999941 0.999957 0.99997 0.999978 0.999985 0.999989 0.999993 0.999995 0.999996 0.999998 0.999998 0.999999 0.999999 1 1 1 1 1 1 1 1 1 1 1 1 1 1 
1 1 1 1 1 1 1 1 1 1 1 1 1 1 0.999999 0.999999 0.999999 0.999998 0.999997 0.999995 0.999993 0.99999 0.999985 0.999979 0.99997 0.999957 0.999939 0.999915 0.999882 0.999839 0.999781 0.999705 0.999606 0.999481 0.999325 0.999133 0.998904 0.99864 0.998347 0.998039 0.997736 0.997467 0.997261 0.997141 0.997121 0.997194 0.997335 0.997507 0.997668 0.997781 0.997821 0.997781 0.997668 0.997507 0.997335 0.997194 0.997121 0.997141 0.997261 0.997467 0.997736 0.998039 0.998347 0.99864 0.998904 0.999133 0.999325 0.999481 0.999606 0.999705 0.999781 0.999839 0.999882 0.999915 0.999939 0.999957 0.99997 0.999979 0.999985 0.99999 0.999993 0.999995 0.999997 0.999998 0.999999 0.999999 0.999999 1 1 1 1 1 1 1 1 1 1 1 1 1 
1 1 1 1 1 1 1 1 1 1 1 1 1 0.999999 0.999999 0.999999 0.999998 0.999997 0.999996 0.999994 0.999991 0.999986 0.99998 0.99997 0.999957 0.999939 0.999914 0.999878 0.99983 0.999765 0.999678 0.999562 0.999411 0.999215 0.998967 0.998658 0.998281 0.997838 0.997335 0.996794 0.996253 0.995762 0.99538 0.995158 0.995126 0.995274 0.995555 0.995895 0.996211 0.996432 0.996512 0.996432 0.996211 0.995895 0.995555 0.995274 0.995126 0.995158 0.99538 0.995762 0.996253 0.996794 0.997335 0.997838 0.998281 0.998658 0.998967 0.999215 0.999411 0.999562 0.999678 0.999765 0.99983 0.999878 0.999914 0.999939 0.999957 0.99997 0.99998 0.999986 0.999991 0.999994 0.999996 0.999997 0.999998 0.999999 0.999999 0.999999 1 1 1 1 1 1 1 1 1 1 1 1 
1 1 1 1 1 1 1 1 1 1 1 1 1 0.999999 0.999999 0.999998 0.999998 0.999996 0.999994 0.999991 0.999987 0.999981 0.999972 0.999959 0.999941 0.999915 0.999878 0.999827 0.999757 0.999661 0.999531 0.999356 0.999125 0.998823 0.998433 0.997938 0.997324 0.996584 0.995725 0.994778 0.993806 0.992903 0.992186 0.991766 0.991711 0.992009 0.99257 0.993243 0.993865 0.994298 0.994452 0.994298 0.993865 0.993243 0.99257 0.992009 0.991711 0.991766 0.992186 0.992903 0.993806 0.994778 0.995725 0.996584 0.997324 0.997938 0.998433 0.998823 0.999125 0.999356 0.999531 0.999661 0.999757 0.999827 0.999878 0.999915 0.999941 0.999959 0.999972 0.999981 0.999987 0.999991 0.999994 0.999996 0.999998 0.999998 0.999999 0.999999 1 1 1 1 1 1 1 1 1 1 1 1 
1 1 1 1 1 1 1 1 1 1 1 1 0.999999 0.999999 0.999999 0.999998 0.999997 0.999995 0.999993 0.999989 0.999983 0.999975 0.999963 0.999945 0.999919 0.999882 0.99983 0.999757 0.999655 0.999514 0.999322 0.999062 0.998713 0.998251 0.997645 0.996863 0.995872 0.994648 0.993188 0.991533 0.989782 0.988108 0.986745 0.985933 0.98583 0.986431 0.987553 0.988889 0.990111 0.990955 0.991254 0.990955 0.990111 0.988889 0.987553 0.986431 0.98583 0.985933 0.986745 0.988108 0.989782 0.991533 0.993188 0.994648 0.995872 0.996863 0.997645 0.998251 0.998713 0.999062 0.999322 0.999514 0.999655 0.999757 0.99983 0.999882 0.999919 0.999945 0.999963 0.999975 0.999983 0.999989 0.999993 0.999995 0.999997 0.999998 0.999999 0.999999 0.999999 1 1 1 1 1 1 1 1 1 1 1 
1 1 1 1 1 1 1 1 1 1 1 1 0.999999 0.999999 0.999998 0.999997 0.999996 0.999994 0.99999 0.999985 0.999978 0.999967 0.99995 0.999926 0.99989 0.999839 0.999765 0.999661 0.999514 0.99931 0.999029 0.998645 0.998125 0.997427 0.996499 0.995279 0.993699 0.991696 0.989238 0.986357 0.9832 0.980076 0.977449 0.975841 0.975629 0.97684 0.979096 0.981754 0.984155 0.985791 0.986368 0.985791 0.984155 0.981754 0.979096 0.97684 0.975629 0.975841 0.977449 0.980076 0.9832 0.986357 0.989238 0.991696 0.993699 0.995279 0.996499 0.997427 0.998125 0.998645 0.999029 0.99931 0.999514 0.999661 0.999765 0.999839 0.99989 0.999926 0.99995 0.999967 0.999978 0.999985 0.99999 0.999994 0.999996 0.999997 0.999998 0.999999 0.999999 1 1 1 1 1 1 1 1 1 1 1 
1 1 1 1 1 1 1 1 1 1 1 0.999999 0.999999 0.999999 0.999998 0.999997 0.999995 0.999992 0.999988 0.999981 0.999971 0.999956 0.999934 0.999901 0.999852 0.999781 0.999678 0.999531 0.999322 0.999029 0.998622 0.998062 0.997296 0.996256 0.994855 0.992981 0.990502 0.987275 0.983184 0.978206 0.972525 0.966659 0.961519 0.958252 0.957774 0.960227 0.964803 0.970116 0.974818 0.977968 0.979067 0.977968 0.974818 0.970116 0.964803 0.960227 0.957774 0.958252 0.961519 0.966659 0.972525 0.978206 0.983184 0.987275 0.990502 0.992981 0.994855 0.996256 0.997296 0.998062 0.998622 0.999029 0.999322 0.999531 0.999678 0.999781 0.999852 0.999901 0.999934 0.999956 0.999971 0.999981 0.999988 0.999992 0.999995 0.999997 0.999998 0.999999 0.999999 0.999999 1 1 1 1 1 1 1 1 1 1 
1 1 1 1 1 1 1 1 1 1 1 0.999999 0.999999 0.999998 0.999997 0.999996 0.999994 0.99999 0.999984 0.999976 0.999963 0.999943 0.999913 0.999869 0.999802 0.999705 0.999562 0.999356 0.999062 0.998645 0.998062 0.997252 0.996136 0.99461 0.99253 0.989706 0.985893 0.980793 0.974098 0.965603 0.955431 0.944367 0.934158 0.927347 0.926196 0.931214 0.940604 0.95127 0.960435 0.966421 0.968481 0.966421 0.960435 0.95127 0.940604 0.931214 0.926196 0.927347 0.934158 0.944367 0.955431 0.965603 0.974098 0.980793 0.985893 0.989706 0.99253 0.99461 0.996136 0.997252 0.998062 0.998645 0.999062 0.999356 0.999562 0.999705 0.999802 0.999869 0.999913 0.999943 0.999963 0.999976 0.999984 0.99999 0.999994 0.999996 0.999997 0.999998 0.999999 0.999999 1 1 1 1 1 1 1 1 1 1 
1 1 1 1 1 1 1 1 1 1 0.999999 0.999999 0.999999 0.999998 0.999997 0.999995 0.999992 0.999988 0.99998 0.99997 0.999953 0.999927 0.999888 0.999828 0.999739 0.999606 0.999411 0.999125 0.998713 0.998125 0.997296 0.996136 0.994531 0.99232 0.989286 0.985119 0.979393 0.97153 0.960833 0.946618 0.928613 0.907749 0.88722 0.87268 0.869788 0.880166 0.899686 0.921169 0.938857 0.95 0.95376 0.95 0.938857 0.921169 0.899686 0.880166 0.869788 0.87268 0.88722 0.907749 0.928613 0.946618 0.960833 0.97153 0.979393 0.985119 0.989286 0.99232 0.994531 0.996136 0.997296 0.998125 0.998713 0.999125 0.999411 0.999606 0.999739 0.999828 0.999888 0.999927 0.999953 0.99997 0.99998 0.999988 0.999992 0.999995 0.999997 0.999998 0.999999 0.999999 0.999999 1 1 1 1 1 1 1 1 1 
1 1 1 1 1 1 1 1 1 1 0.999999 0.999999 0.999998 0.999998 0.999996 0.999994 0.99999 0.999985 0.999976 0.999962 0.999941 0.999908 0.999856 0.999778 0.99966 0.999481 0.999215 0.998823 0.998251 0.997427 0.996256 0.99461 0.99232 0.98916 0.984808 0.978797 0.970435 0.958697 0.942162 0.919084 0.887944 0.849082 0.807874 0.776737 0.769468 0.790765 0.831376 0.874403 0.907832 0.927883 0.934471 0.927883 0.907832 0.874403 0.831376 0.790765 0.769468 0.776737 0.807874 0.849082 0.887944 0.919084 0.942162 0.958697 0.970435 0.978797 0.984808 0.98916 0.99232 0.99461 0.996256 0.997427 0.998251 0.998823 0.999215 0.999481 0.99966 0.999778 0.999856 0.999908 0.999941 0.999962 0.999976 0.999985 0.99999 0.999994 0.999996 0.999998 0.999998 0.999999 0.999999 1 1 1 1 1 1 1 1 1 
1 1 1 1 1 1 1 1 1 1 0.999999 0.999999 0.999998 0.999997 0.999995 0.999993 0.999988 0.999982 0.999971 0.999954 0.999927 0.999885 0.999819 0.999718 0.999562 0.999325 0.998967 0.998433 0.997645 0.996499 0.994855 0.99253 0.989286 0.984808 0.978656 0.970177 0.958343 0.941502 0.917079 0.881357 0.829941 0.760778 0.682612 0.621385 0.60515 0.644361 0.723507 0.806138 0.866408 0.900478 0.911314 0.900478 0.866408 0.806138 0.723507 0.644361 0.60515 0.621385 0.682612 0.760778 0.829941 0.881357 0.917079 0.941502 0.958343 0.970177 0.978656 0.984808 0.989286 0.99253 0.994855 0.996499 0.997645 0.998433 0.998967 0.999325 0.999562 0.999718 0.999819 0.999885 0.999927 0.999954 0.999971 0.999982 0.999988 0.999993 0.999995 0.999997 0.999998 0.999999 0.999999 1 1 1 1 1 1 1 1 1 
1 1 1 1 1 1 1 1 1 1 0.999999 0.999999 0.999998 0.999997 0.999995 0.999991 0.999986 0.999978 0.999965 0.999944 0.999911 0.999858 0.999775 0.999646 0.999444 0.999133 0.998658 0.997938 0.996863 0.995279 0.992981 0.989706 0.985119 0.978797 0.970177 0.958432 0.942206 0.919141 0.885186 0.833815 0.756262 0.647686 0.526859 0.439465 0.4152 0.464204 0.583171 0.72042 0.818281 0.870813 0.887004 0.870813 0.818281 0.72042 0.583171 0.464204 0.4152 0.439465 0.526859 0.647686 0.756262 0.833815 0.885186 0.919141 0.942206 0.958432 0.970177 0.978797 0.985119 0.989706 0.992981 0.995279 0.996863 0.997938 0.998658 0.999133 0.999444 0.999646 0.999775 0.999858 0.999911 0.999944 0.999965 0.999978 0.999986 0.999991 0.999995 0.999997 0.999998 0.999999 0.999999 1 1 1 1 1 1 1 1 1 
1 1 1 1 1 1 1 1 1 0.999999 0.999999 0.999999 0.999998 0.999996 0.999994 0.99999 0.999984 0.999974 0.999959 0.999933 0.999893 0.999828 0.999725 0.999562 0.999306 0.998904 0.998281 0.997324 0.995872 0.993699 0.990502 0.985893 0.979393 0.970435 0.958343 0.942206 0.920515 0.890419 0.846571 0.779948 0.67905 0.543358 0.411187 0.329492 0.306549 0.34688 0.468873 0.643307 0.775525 0.845377 0.866518 0.845377 0.775525 0.643307 0.468873 0.34688 0.306549 0.329492 0.411187 0.543358 0.67905 0.779948 0.846571 0.890419 0.920515 0.942206 0.958343 0.970435 0.979393 0.985893 0.990502 0.993699 0.995872 0.997324 0.998281 0.998904 0.999306 0.999562 0.999725 0.999828 0.999893 0.999933 0.999959 0.999974 0.999984 0.99999 0.999994 0.999996 0.999998 0.999999 0.999999 0.999999 1 1 1 1 1 1 1 1 
1 1 1 1 1 1 1 1 1 0.999999 0.999999 0.999998 0.999997 0.999996 0.999993 0.999989 0.999982 0.99997 0.999952 0.999922 0.999874 0.999796 0.999671 0.99947 0.999149 0.99864 0.997838 0.996584 0.994648 0.991696 0.987275 0.980793 0.97153 0.958697 0.941502 0.919141 0.890419 0.852682 0.800242 0.723448 0.612559 0.476805 0.361087 0.295637 0.277703 0.312126 0.425319 0.60727 0.753749 0.831841 0.855422 0.831841 0.753749 0.60727 0.425319 0.312126 0.277703 0.295637 0.361087 0.476805 0.612559 0.723448 0.800242 0.852682 0.890419 0.919141 0.941502 0.958697 0.97153 0.980793 0.987275 0.991696 0.994648 0.996584 0.997838 0.99864 0.999149 0.99947 0.999671 0.999796 0.999874 0.999922 0.999952 0.99997 0.999982 0.999989 0.999993 0.999996 0.999997 0.999998 0.999999 0.999999 1 1 1 1 1 1 1 1 
1 1 1 1 1 1 1 1 1 0.999999 0.999999 0.999998 0.999997 0.999995 0.999992 0.999987 0.99998 0.999967 0.999945 0.999911 0.999854 0.999763 0.999613 0.999371 0.998978 0.998347 0.997335 0.995725 0.993188 0.989238 0.983184 0.974098 0.960833 0.942162 0.917079 0.885186 0.846571 0.800242 0.741834 0.663468 0.56014 0.446294 0.356917 0.308602 0.299509 0.338734 0.451807 0.62358 0.760474 0.834281 0.856761 0.834281 0.760474 0.62358 0.451807 0.338734 0.299509 0.308602 0.356917 0.446294 0.56014 0.663468 0.741834 0.800242 0.846571 0.885186 0.917079 0.942162 0.960833 0.974098 0.983184 0.989238 0.993188 0.995725 0.997335 0.998347 0.998978 0.999371 0.999613 0.999763 0.999854 0.999911 0.999945 0.999967 0.99998 0.999987 0.999992 0.999995 0.999997 0.999998 0.999999 0.999999 1 1 1 1 1 1 1 1 
1 1 1 1 1 1 1 1 1 0.999999 0.999999 0.999998 0.999997 0.999995 0.999992 0.999986 0.999977 0.999963 0.999939 0.9999 0.999835 0.99973 0.999556 0.99927 0.998803 0.998039 0.996794 0.994778 0.991533 0.986357 0.978206 0.965603 0.946618 0.919084 0.881357 0.833815 0.779948 0.723448 0.663468 0.595166 0.517042 0.440322 0.384385 0.358546 0.366362 0.420655 0.536119 0.681092 0.790673 0.850702 0.869308 0.850702 0.790673 0.681092 0.536119 0.420655 0.366362 0.358546 0.384385 0.440322 0.517042 0.595166 0.663468 0.723448 0.779948 0.833815 0.881357 0.919084 0.946618 0.965603 0.978206 0.986357 0.991533 0.994778 0.996794 0.998039 0.998803 0.99927 0.999556 0.99973 0.999835 0.9999 0.999939 0.999963 0.999977 0.999986 0.999992 0.999995 0.999997 0.999998 0.999999 0.999999 1 1 1 1 1 1 1 1 
1 1 1 1 1 1 1 1 1 0.999999 0.999999 0.999998 0.999997 0.999994 0.999991 0.999985 0.999975 0.99996 0.999933 0.99989 0.999818 0.999699 0.999502 0.999175 0.998633 0.997736 0.996253 0.993806 0.989782 0.9832 0.972525 0.955431 0.928613 0.887944 0.829941 0.756262 0.67905 0.612559 0.56014 0.517042 0.480068 0.45221 0.439541 0.446634 0.479646 0.547981 0.649757 0.754624 0.831514 0.874897 0.888664 0.874897 0.831514 0.754624 0.649757 0.547981 0.479646 0.446634 0.439541 0.45221 0.480068 0.517042 0.56014 0.612559 0.67905 0.756262 0.829941 0.887944 0.928613 0.955431 0.972525 0.9832 0.989782 0.993806 0.996253 0.997736 0.998633 0.999175 0.999502 0.999699 0.999818 0.99989 0.999933 0.99996 0.999975 0.999985 0.999991 0.999994 0.999997 0.999998 0.999999 0.999999 1 1 1 1 1 1 1 1 
1 1 1 1 1 1 1 1 1 0.999999 0.999999 0.999998 0.999996 0.999994 0.99999 0.999984 0.999974 0.999957 0.999929 0.999881 0.999803 0.999673 0.999455 0.999092 0.998485 0.997467 0.995762 0.992903 0.988108 0.980076 0.966659 0.944367 0.907749 0.849082 0.760778 0.647686 0.543358 0.476805 0.446294 0.440322 0.45221 0.478267 0.514071 0.557427 0.610924 0.677693 0.752657 0.821116 0.871255 0.900471 0.90995 0.900471 0.871255 0.821116 0.752657 0.677693 0.610924 0.557427 0.514071 0.478267 0.45221 0.440322 0.446294 0.476805 0.543358 0.647686 0.760778 0.849082 0.907749 0.944367 0.966659 0.980076 0.988108 0.992903 0.995762 0.997467 0.998485 0.999092 0.999455 0.999673 0.999803 0.999881 0.999929 0.999957 0.999974 0.999984 0.99999 0.999994 0.999996 0.999998 0.999999 0.999999 1 1 1 1 1 1 1 1 
1 1 1 1 1 1 1 1 0.999999 0.999999 0.999999 0.999998 0.999996 0.999994 0.99999 0.999983 0.999973 0.999955 0.999925 0.999875 0.999792 0.999653 0.999421 0.99903 0.998372 0.997261 0.99538 0.992186 0.986745 0.977449 0.961519 0.934158 0.88722 0.807874 0.682612 0.526859 0.411187 0.361087 0.356917 0.384385 0.439541 0.514071 0.590655 0.65873 0.71907 0.775433 0.827771 0.871971 0.904248 0.923428 0.929742 0.923428 0.904248 0.871971 0.827771 0.775433 0.71907 0.65873 0.590655 0.514071 0.439541 0.384385 0.356917 0.361087 0.411187 0.526859 0.682612 0.807874 0.88722 0.934158 0.961519 0.977449 0.986745 0.992186 0.99538 0.997261 0.998372 0.99903 0.999421 0.999653 0.999792 0.999875 0.999925 0.999955 0.999973 0.999983 0.99999 0.999994 0.999996 0.999998 0.999999 0.999999 0.999999 1 1 1 1 1 1 1 
1 1 1 1 1 1 1 1 0.999999 0.999999 0.999999 0.999998 0.999996 0.999994 0.99999 0.999983 0.999972 0.999953 0.999922 0.999871 0.999785 0.999642 0.9994 0.998993 0.998306 0.997141 0.995158 0.991766 0.985933 0.975841 0.958252 0.927347 0.87268 0.776737 0.621385 0.439465 0.329492 0.295637 0.308602 0.358546 0.446634 0.557427 0.65873 0.736529 0.79495 0.841054 0.878631 0.908287 0.929551 0.942223 0.946416 0.942223 0.929551 0.908287 0.878631 0.841054 0.79495 0.736529 0.65873 0.557427 0.446634 0.358546 0.308602 0.295637 0.329492 0.439465 0.621385 0.776737 0.87268 0.927347 0.958252 0.975841 0.985933 0.991766 0.995158 0.997141 0.998306 0.998993 0.9994 0.999642 0.999785 0.999871 0.999922 0.999953 0.999972 0.999983 0.99999 0.999994 0.999996 0.999998 0.999999 0.999999 0.999999 1 1 1 1 1 1 1 
1 1 1 1 1 1 1 1 0.999999 0.999999 0.999999 0.999998 0.999996 0.999994 0.99999 0.999983 0.999971 0.999953 0.999921 0.99987 0.999783 0.999638 0.999394 0.998985 0.998293 0.997121 0.995126 0.991711 0.98583 0.975629 0.957774 0.926196 0.869788 0.769468 0.60515 0.4152 0.306549 0.277703 0.299509 0.366362 0.479646 0.610924 0.71907 0.79495 0.847223 0.884774 0.912822 0.93368 0.948212 0.956787 0.959619 0.956787 0.948212 0.93368 0.912822 0.884774 0.847223 0.79495 0.71907 0.610924 0.479646 0.366362 0.299509 0.277703 0.306549 0.4152 0.60515 0.769468 0.869788 0.926196 0.957774 0.975629 0.98583 0.991711 0.995126 0.997121 0.998293 0.998985 0.999394 0.999638 0.999783 0.99987 0.999921 0.999953 0.999971 0.999983 0.99999 0.999994 0.999996 0.999998 0.999999 0.999999 0.999999 1 1 1 1 1 1 1 
1 1 1 1 1 1 1 1 0.999999 0.999999 0.999999 0.999998 0.999996 0.999994 0.999989 0.999983 0.999971 0.999953 0.999922 0.99987 0.999784 0.999641 0.999402 0.999002 0.998329 0.997194 0.995274 0.992009 0.986431 0.97684 0.960227 0.931214 0.880166 0.790765 0.644361 0.464204 0.34688 0.312126 0.338734 0.420655 0.547981 0.677693 0.775433 0.841054 0.884774 0.914853 0.93621 0.95141 0.961698 0.96768 0.969644 0.96768 0.961698 0.95141 0.93621 0.914853 0.884774 0.841054 0.775433 0.677693 0.547981 0.420655 0.338734 0.312126 0.34688 0.464204 0.644361 0.790765 0.880166 0.931214 0.960227 0.97684 0.986431 0.992009 0.995274 0.997194 0.998329 0.999002 0.999402 0.999641 0.999784 0.99987 0.999922 0.999953 0.999971 0.999983 0.999989 0.999994 0.999996 0.999998 0.999999 0.999999 0.999999 1 1 1 1 1 1 1 
1 1 1 1 1 1 1 1 0.999999 0.999999 0.999999 0.999998 0.999996 0.999994 0.999989 0.999983 0.999971 0.999953 0.999922 0.999872 0.999788 0.99965 0.99942 0.999037 0.998399 0.997335 0.995555 0.99257 0.987553 0.979096 0.964803 0.940604 0.899686 0.831376 0.723507 0.583171 0.468873 0.425319 0.451807 0.536119 0.649757 0.752657 0.827771 0.878631 0.912822 0.93621 0.952493 0.963801 0.971299 0.975599 0.977003 0.975599 0.971299 0.963801 0.952493 0.93621 0.912822 0.878631 0.827771 0.752657 0.649757 0.536119 0.451807 0.425319 0.468873 0.583171 0.723507 0.831376 0.899686 0.940604 0.964803 0.979096 0.987553 0.99257 0.995555 0.997335 0.998399 0.999037 0.99942 0.99965 0.999788 0.999872 0.999922 0.999953 0.999971 0.999983 0.999989 0.999994 0.999996 0.999998 0.999999 0.999999 0.999999 1 1 1 1 1 1 1 
1 1 1 1 1 1 1 1 0.999999 0.999999 0.999999 0.999998 0.999996 0.999994 0.99999 0.999983 0.999972 0.999954 0.999924 0.999875 0.999794 0.999661 0.999442 0.999081 0.998486 0.997507 0.995895 0.993243 0.988889 0.981754 0.970116 0.95127 0.921169 0.874403 0.806138 0.72042 0.643307 0.60727 0.62358 0.681092 0.754624 0.821116 0.871971 0.908287 0.93368 0.95141 0.963801 0.972352 0.977967 0.981162 0.9822 0.981162 0.977967 0.972352 0.963801 0.95141 0.93368 0.908287 0.871971 0.821116 0.754624 0.681092 0.62358 0.60727 0.643307 0.72042 0.806138 0.874403 0.921169 0.95127 0.970116 0.981754 0.988889 0.993243 0.995895 0.997507 0.998486 0.999081 0.999442 0.999661 0.999794 0.999875 0.999924 0.999954 0.999972 0.999983 0.99999 0.999994 0.999996 0.999998 0.999999 0.999999 0.999999 1 1 1 1 1 1 1 
1 1 1 1 1 1 1 1 0.999999 0.999999 0.999999 0.999998 0.999996 0.999994 0.99999 0.999983 0.999972 0.999954 0.999925 0.999878 0.999799 0.999672 0.999463 0.999122 0.998568 0.997668 0.996211 0.993865 0.990111 0.984155 0.974818 0.960435 0.938857 0.907832 0.866408 0.818281 0.775525 0.753749 0.760474 0.790673 0.831514 0.871255 0.904248 0.929551 0.948212 0.961698 0.971299 0.977967 0.982345 0.984831 0.985637 0.984831 0.982345 0.977967 0.971299 0.961698 0.948212 0.929551 0.904248 0.871255 0.831514 0.790673 0.760474 0.753749 0.775525 0.818281 0.866408 0.907832 0.938857 0.960435 0.974818 0.984155 0.990111 0.993865 0.996211 0.997668 0.998568 0.999122 0.999463 0.999672 0.999799 0.999878 0.999925 0.999954 0.999972 0.999983 0.99999 0.999994 0.999996 0.999998 0.999999 0.999999 0.999999 1 1 1 1 1 1 1 
1 1 1 1 1 1 1 1 0.999999 0.999999 0.999999 0.999998 0.999996 0.999994 0.99999 0.999983 0.999972 0.999955 0.999926 0.999879 0.999803 0.999679 0.999478 0.999152 0.998626 0.997781 0.996432 0.994298 0.990955 0.985791 0.977968 0.966421 0.95 0.927883 0.900478 0.870813 0.845377 0.831841 0.834281 0.850702 0.874897 0.900471 0.923428 0.942223 0.956787 0.96768 0.975599 0.981162 0.984831 0.986916 0.987593 0.986916 0.984831 0.981162 0.975599 0.96768 0.956787 0.942223 0.923428 0.900471 0.874897 0.850702 0.834281 0.831841 0.845377 0.870813 0.900478 0.927883 0.95 0.966421 0.977968 0.985791 0.990955 0.994298 0.996432 0.997781 0.998626 0.999152 0.999478 0.999679 0.999803 0.999879 0.999926 0.999955 0.999972 0.999983 0.99999 0.999994 0.999996 0.999998 0.999999 0.999999 0.999999 1 1 1 1 1 1 1 
1 1 1 1 1 1 1 1 0.999999 0.999999 0.999999 0.999998 0.999996 0.999994 0.99999 0.999983 0.999972 0.999955 0.999927 0.99988 0.999805 0.999682 0.999483 0.999162 0.998646 0.997821 0.996512 0.994452 0.991254 0.986368 0.979067 0.968481 0.95376 0.934471 0.911314 0.887004 0.866518 0.855422 0.856761 0.869308 0.888664 0.90995 0.929742 0.946416 0.959619 0.969644 0.977003 0.9822 0.985637 0.987593 0.988227 0.987593 0.985637 0.9822 0.977003 0.969644 0.959619 0.946416 0.929742 0.90995 0.888664 0.869308 0.856761 0.855422 0.866518 0.887004 0.911314 0.934471 0.95376 0.968481 0.979067 0.986368 0.991254 0.994452 0.996512 0.997821 0.998646 0.999162 0.999483 0.999682 0.999805 0.99988 0.999927 0.999955 0.999972 0.999983 0.99999 0.999994 0.999996 0.999998 0.999999 0.999999 0.999999 1 1 1 1 1 1 1 
1 1 1 1 1 1 1 1 0.999999 0.999999 0.999999 0.999998 0.999996 0.999994 0.99999 0.999983 0.999972 0.999955 0.999926 0.999879 0.999803 0.999679 0.999478 0.999152 0.998626 0.997781 0.996432 0.994298 0.990955 0.985791 0.977968 0.966421 0.95 0.927883 0.900478 0.870813 0.845377 0.831841 0.834281 0.850702 0.874897 0.900471 0.923428 0.942223 0.956787 0.96768 0.975599 0.981162 0.984831 0.986916 0.987593 0.986916 0.984831 0.981162 0.975599 0.96768 0.956787 0.942223 0.923428 0.900471 0.874897 0.850702 0.834281 0.831841 0.845377 0.870813 0.900478 0.927883 0.95 0.966421 0.977968 0.985791 0.990955 0.994298 0.996432 0.997781 0.998626 0.999152 0.999478 0.999679 0.999803 0.999879 0.999926 0.999955 0.999972 0.999983 0.99999 0.999994 0.999996 0.999998 0.999999 0.999999 0.999999 1 1 1 1 1 1 1 
1 1 1 1 1 1 1 1 0.999999 0.999999 0.999999 0.999998 0.999996 0.999994 0.99999 0.999983 0.999972 0.999954 0.999925 0.999878 0.999799 0.999672 0.999463 0.999122 0.998568 0.997668 0.996211 0.993865 0.990111 0.984155 0.974818 0.960435 0.938857 0.907832 0.866408 0.818281 0.775525 0.753749 0.760474 0.790673 0.831514 0.871255 0.904248 0.929551 0.948212 0.961698 0.971299 0.977967 0.982345 0.984831 0.985637 0.984831 0.982345 0.977967 0.971299 0.961698 0.948212 0.929551 0.904248 0.871255 0.831514 0.790673 0.760474 0.753749 0.775525 0.818281 0.866408 0.907832 0.938857 0.960435 0.974818 0.984155 0.990111 0.993865 0.996211 0.997668 0.998568 0.999122 0.999463 0.999672 0.999799 0.999878 0.999925 0.999954 0.999972 0.999983 0.99999 0.999994 0.999996 0.999998 0.999999 0.999999 0.999999 1 1 1 1 1 1 1 
1 1 1 1 1 1 1 1 0.999999 0.999999 0.999999 0.999998 0.999996 0.999994 0.99999 0.999983 0.999972 0.999954 0.999924 0.999875 0.999794 0.999661 0.999442 0.999081 0.998486 0.997507 0.995895 0.993243 0.988889 0.981754 0.970116 0.95127 0.921169 0.874403 0.806138 0.72042 0.643307 0.60727 0.62358 0.681092 0.754624 0.821116 0.871971 0.908287 0.93368 0.95141 0.963801 0.972352 0.977967 0.981162 0.9822 0.981162 0.977967 0.972352 0.963801 0.95141 0.93368 0.908287 0.871971 0.821116 0.754624 0.681092 0.62358 0.60727 0.643307 0.72042 0.806138 0.874403 0.921169 0.95127 0.970116 0.981754 0.988889 0.993243 0.995895 0.997507 0.998486 0.999081 0.999442 0.999661 0.999794 0.999875 0.999924 0.999954 0.999972 0.999983 0.99999 0.999994 0.999996 0.999998 0.999999 0.999999 0.999999 1 1 1 1 1 1 1 
1 1 1 1 1 1 1 1 0.999999 0.999999 0.999999 0.999998 0.999996 0.999994 0.999989 0.999983 0.999971 0.999953 0.999922 0.999872 0.999788 0.99965 0.99942 0.999037 0.998399 0.997335 0.995555 0.99257 0.987553 0.979096 0.964803 0.940604 0.899686 0.831376 0.723507 0.583171 0.468873 0.425319 0.451807 0.536119 0.649757 0.752657 0.827771 0.878631 0.912822 0.93621 0.952493 0.963801 0.971299 0.975599 0.977003 0.975599 0.971299 0.963801 0.952493 0.93621 0.912822 0.878631 0.827771 0.752657 0.649757 0.536119 0.451807 0.425319 0.468873 0.583171 0.723507 0.831376 0.899686 0.940604 0.964803 0.979096 0.987553 0.99257 0.995555 0.997335 0.998399 0.999037 0.99942 0.99965 0.999788 0.999872 0.999922 0.999953 0.999971 0.999983 0.999989 0.999994 0.999996 0.999998 0.999999 0.999999 0.999999 1 1 1 1 1 1 1 
1 1 1 1 1 1 1 1 0.999999 0.999999 0.999999 0.999998 0.999996 0.999994 0.999989 0.999983 0.999971 0.999953 0.999922 0.99987 0.999784 0.999641 0.999402 0.999002 0.998329 0.997194 0.995274 0.992009 0.986431 0.97684 0.960227 0.931214 0.880166 0.790765 0.644361 0.464204 0.34688 0.312126 0.338734 0.420655 0.547981 0.677693 0.775433 0.841054 0.884774 0.914853 0.93621 0.95141 0.961698 0.96768 0.969644 0.96768 0.961698 0.95141 0.93621 0.914853 0.884774 0.841054 0.775433 0.677693 0.547981 0.420655 0.338734 0.312126 0.34688 0.464204 0.644361 0.790765 0.880166 0.931214 0.960227 0.97684 0.986431 0.992009 0.995274 0.997194 0.998329 0.999002 0.999402 0.999641 0.999784 0.99987 0.999922 0.999953 0.999971 0.999983 0.999989 0.999994 0.999996 0.999998 0.999999 0.999999 0.999999 1 1 1 1 1 1 1 
1 1 1 1 1 1 1 1 0.999999 0.999999 0.999999 0.999998 0.999996 0.999994 0.99999 0.999983 0.999971 0.999953 0.999921 0.99987 0.999783 0.999638 0.999394 0.998985 0.998293 0.997121 0.995126 0.991711 0.98583 0.975629 0.957774 0.926196 0.869788 0.769468 0.60515 0.4152 0.306549 0.277703 0.299509 0.366362 0.479646 0.610924 0.71907 0.79495 0.847223 0.884774 0.912822 0.93368 0.948212 0.956787 0.959619 0.956787 0.948212 0.93368 0.912822 0.884774 0.847223 0.79495 0.71907 0.610924 0.479646 0.366362 0.299509 0.277703 0.306549 0.4152 0.60515 0.769468 0.869788 0.926196 0.957774 0.975629 0.98583 0.991711 0.995126 0.997121 0.998293 0.998985 0.999394 0.999638 0.999783 0.99987 0.999921 0.999953 0.999971 0.999983 0.99999 0.999994 0.999996 0.999998 0.999999 0.999999 0.999999 1 1 1 1 1 1 1 
1 1 1 1 1 1 1 1 0.999999 0.999999 0.999999 0.999998 0.999996 0.999994 0.99999 0.999983 0.999972 0.999953 0.999922 0.999871 0.999785 0.999642 0.9994 0.998993 0.998306 0.997141 0.995158 0.991766 0.985933 0.975841 0.958252 0.927347 0.87268 0.776737 0.621385 0.439465 0.329492 0.295637 0.308602 0.358546 0.446634 0.557427 0.65873 0.736529 0.79495 0.841054 0.878631 0.908287 0.929551 0.942223 0.946416 0.942223 0.929551 0.908287 0.878631 0.841054 0.79495 0.736529 0.65873 0.557427 0.446634 0.358546 0.308602 0.295637 0.329492 0.439465 0.621385 0.776737 0.87268 0.927347 0.958252 0.975841 0.985933 0.991766 0.995158 0.997141 0.998306 0.998993 0.9994 0.999642 0.999785 0.999871 0.999922 0.999953 0.999972 0.999983 0.99999 0.999994 0.999996 0.999998 0.999999 0.999999 0.999999 1 1 1 1 1 1 1 
1 1 1 1 1 1 1 1 0.999999 0.999999 0.999999 0.999998 0.999996 0.999994 0.99999 0.999983 0.999973 0.999955 0.999925 0.999875 0.999792 0.999653 0.999421 0.99903 0.998372 0.997261 0.99538 0.992186 0.986745 0.977449 0.961519 0.934158 0.88722 0.807874 0.682612 0.526859 0.411187 0.361087 0.356917 0.384385 0.439541 0.514071 0.590655 0.65873 0.71907 0.775433 0.827771 0.871971 0.904248 0.923428 0.929742 0.923428 0.904248 0.871971 0.827771 0.775433 0.71907 0.65873 0.590655 0.514071 0.439541 0.384385 0.356917 0.361087 0.411187 0.526859 0.682612 0.807874 0.88722 0.934158 0.961519 0.977449 0.986745 0.992186 0.99538 0.997261 0.998372 0.99903 0.999421 0.999653 0.999792 0.999875 0.999925 0.999955 0.999973 0.999983 0.99999 0.999994 0.999996 0.999998 0.999999 0.999999 0.999999 1 1 1 1 1 1 1 
1 1 1 1 1 1 1 1 1 0.999999 0.999999 0.999998 0.999996 0.999994 0.99999 0.999984 0.999974 0.999957 0.999929 0.999881 0.999803 0.999673 0.999455 0.999092 0.998485 0.997467 0.995762 0.992903 0.988108 0.980076 0.966659 0.944367 0.907749 0.849082 0.760778 0.647686 0.543358 0.476805 0.446294 0.440322 0.45221 0.478267 0.514071 0.557427 0.610924 0.677693 0.752657 0.821116 0.871255 0.900471 0.90995 0.900471 0.871255 0.821116 0.752657 0.677693 0.610924 0.557427 0.514071 0.478267 0.45221 0.440322 0.446294 0.476805 0.543358 0.647686 0.760778 0.849082 0.907749 0.944367 0.966659 0.980076 0.988108 0.992903 0.995762 0.997467 0.998485 0.999092 0.999455 0.999673 0.999803 0.999881 0.999929 0.999957 0.999974 0.999984 0.99999 0.999994 0.999996 0.999998 0.999999 0.999999 1 1 1 1 1 1 1 1 
1 1 1 1 1 1 1 1 1 0.999999 0.999999 0.999998 0.999997 0.999994 0.999991 0.999985 0.999975 0.99996 0.999933 0.99989 0.999818 0.999699 0.999502 0.999175 0.998633 0.997736 0.996253 0.993806 0.989782 0.9832 0.972525 0.955431 0.928613 0.887944 0.829941 0.756262 0.67905 0.612559 0.56014 0.517042 0.480068 0.45221 0.439541 0.446634 0.479646 0.547981 0.649757 0.754624 0.831514 0.874897 0.888664 0.874897 0.831514 0.754624 0.649757 0.547981 0.479646 0.446634 0.439541 0.45221 0.480068 0.517042 0.56014 0.612559 0.67905 0.756262 0.829941 0.887944 0.928613 0.955431 0.972525 0.9832 0.989782 0.993806 0.996253 0.997736 0.998633 0.999175 0.999502 0.999699 0.999818 0.99989 0.999933 0.99996 0.999975 0.999985 0.999991 0.999994 0.999997 0.999998 0.999999 0.999999 1 1 1 1 1 1 1 1 
1 1 1 1 1 1 1 1 1 0.999999 0.999999 0.999998 0.999997 0.999995 0.999992 0.999986 0.999977 0.999963 0.999939 0.9999 0.999835 0.99973 0.999556 0.99927 0.998803 0.998039 0.996794 0.994778 0.991533 0.986357 0.978206 0.965603 0.946618 0.919084 0.881357 0.833815 0.779948 0.723448 0.663468 0.595166 0.517042 0.440322 0.384385 0.358546 0.366362 0.420655 0.536119 0.681092 0.790673 0.850702 0.869308 0.850702 0.790673 0.681092 0.536119 0.420655 0.366362 0.358546 0.384385 0.440322 0.517042 0.595166 0.663468 0.723448 0.779948 0.833815 0.881357 0.919084 0.946618 0.965603 0.978206 0.986357 0.991533 0.994778 0.996794 0.998039 0.998803 0.99927 0.999556 0.99973 0.999835 0.9999 0.999939 0.999963 0.999977 0.999986 0.999992 0.999995 0.999997 0.999998 0.999999 0.999999 1 1 1 1 1 1 1 1 
