1 1 1 1 1 1 1 1 1 1 1 1 1 1 1 1 1 1 1 1 1 1 1 1 1 1 1 1 1 1 1 1 1 1 1 1 1 1 1 1 1 1 1 1 1 1 1 1 1 1 1 1 1 1 1 1 1 1 1 1 1 1 1 1 1 1 1 1 1 1 1 1 1 1 1 1 1 1 1 1 1 1 1 1 1 1 1 1 1 1 1 1 1 1 1 1 1 1 1 1 
1 0.999998 0.999995 0.999992 0.999987 0.999981 0.999973 0.99996 0.999941 0.999913 0.999869 0.999801 0.999694 0.999523 0.999243 0.998766 0.997915 0.996308 0.99308 0.986197 0.970671 0.933874 0.843927 0.639501 0.3805 0.300021 0.295521 0.308021 0.319494 0.326058 0.328424 0.328364 0.327353 0.326247 0.325397 0.324868 0.324602 0.324514 0.32453 0.324598 0.324682 0.324765 0.324836 0.324893 0.324935 0.324964 0.324984 0.324996 0.325003 0.325006 0.325007 0.325006 0.325003 0.324996 0.324984 0.324964 0.324935 0.324893 0.324836 0.324765 0.324682 0.324598 0.32453 0.324514 0.324601 0.324867 0.325397 0.326247 0.327353 0.328364 0.328425 0.326059 0.319495 0.308022 0.295522 0.300024 0.380507 0.639512 0.843933 0.933878 0.970674 0.986198 0.993081 0.996308 0.997914 0.998765 0.999241 0.999521 0.999691 0.999798 0.999866 0.99991 0.999938 0.999957 0.99997 0.999979 0.999986 0.999991 0.999996 1 
1 0.999995 0.999989 0.999982 0.999973 0.999961 0.999943 0.999917 0.999879 0.99982 0.99973 0.99959 0.999372 0.999027 0.998467 0.997532 0.995906 0.992933 0.987186 0.975436 0.950148 0.893418 0.764624 0.509017 0.262821 0.187251 0.178993 0.188517 0.199266 0.206548 0.210099 0.211071 0.210707 0.209875 0.209037 0.208379 0.207934 0.20767 0.20754 0.207499 0.20751 0.207549 0.207597 0.207642 0.207679 0.207706 0.207722 0.20773 0.207733 0.207734 0.207734 0.207734 0.207733 0.20773 0.207722 0.207706 0.207679 0.207642 0.207597 0.207549 0.20751 0.207499 0.20754 0.20767 0.207934 0.208379 0.209038 0.209875 0.210708 0.211072 0.210101 0.206551 0.199269 0.18852 0.178996 0.187255 0.262829 0.509031 0.764633 0.893425 0.950154 0.97544 0.987189 0.992934 0.995905 0.997529 0.998463 0.999021 0.999366 0.999583 0.999722 0.999812 0.999871 0.99991 0.999937 0.999956 0.99997 0.999981 0.999991 1 
1 0.999992 0.999982 0.999971 0.999957 0.999937 0.999909 0.999868 0.999807 0.999715 0.999574 0.999357 0.999019 0.998488 0.997641 0.996262 0.993953 0.989932 0.982609 0.96862 0.940714 0.883278 0.765154 0.55003 0.325046 0.232632 0.212253 0.217531 0.229011 0.239318 0.246304 0.250071 0.251503 0.251542 0.250915 0.25008 0.249284 0.248634 0.248158 0.247843 0.247657 0.247564 0.247531 0.247529 0.247538 0.247545 0.247544 0.247537 0.247525 0.247516 0.247512 0.247516 0.247525 0.247537 0.247544 0.247545 0.247538 0.247529 0.247531 0.247564 0.247657 0.247843 0.248158 0.248634 0.249284 0.250081 0.250917 0.251545 0.251506 0.250076 0.246309 0.239324 0.229017 0.217537 0.212258 0.232638 0.325056 0.550043 0.765165 0.883289 0.940724 0.968629 0.982615 0.989934 0.99395 0.996256 0.997632 0.998477 0.999007 0.999344 0.99956 0.999701 0.999792 0.999854 0.999896 0.999926 0.999949 0.999967 0.999984 1 
1 0.999987 0.999973 0.999957 0.999936 0.999907 0.999867 0.999808 0.999722 0.999592 0.999394 0.999088 0.998614 0.997874 0.996712 0.994868 0.991899 0.987011 0.978732 0.964237 0.938042 0.889686 0.801059 0.652305 0.472482 0.358649 0.315583 0.310339 0.320298 0.333908 0.345943 0.354584 0.359783 0.362251 0.362886 0.362469 0.361573 0.360563 0.35964 0.358895 0.358345 0.357971 0.357732 0.357587 0.357497 0.357434 0.357382 0.357335 0.357295 0.357267 0.357258 0.357267 0.357295 0.357335 0.357382 0.357434 0.357497 0.357587 0.357732 0.357971 0.358345 0.358895 0.359641 0.360563 0.361574 0.362471 0.362888 0.362255 0.359788 0.354591 0.34595 0.333914 0.320301 0.310339 0.315581 0.358646 0.472481 0.65231 0.801072 0.889705 0.938063 0.964255 0.978743 0.987014 0.991895 0.994858 0.996696 0.997855 0.998591 0.999063 0.999367 0.999564 0.999694 0.99978 0.99984 0.999883 0.999918 0.999947 0.999974 1 
1 0.999981 0.999961 0.999937 0.999907 0.999867 0.999811 0.999732 0.999616 0.999442 0.999177 0.998768 0.998135 0.99715 0.995615 0.993223 0.989486 0.983627 0.974373 0.959604 0.935755 0.896996 0.834839 0.741548 0.626217 0.528944 0.47419 0.456596 0.460973 0.474674 0.489905 0.50282 0.512133 0.517964 0.521027 0.522165 0.522122 0.521458 0.520553 0.51964 0.518838 0.518194 0.517713 0.517372 0.517142 0.516992 0.516896 0.516835 0.516796 0.516774 0.516767 0.516774 0.516796 0.516835 0.516896 0.516992 0.517142 0.517372 0.517713 0.518194 0.518838 0.51964 0.520554 0.521458 0.522123 0.522167 0.521029 0.517966 0.512135 0.502819 0.4899 0.474659 0.460945 0.456555 0.474139 0.528893 0.626181 0.741539 0.834859 0.897034 0.935798 0.95964 0.974396 0.983634 0.989479 0.993203 0.995587 0.997114 0.998094 0.998723 0.999128 0.99939 0.999562 0.999677 0.999758 0.999818 0.999868 0.999913 0.999957 1 
1 0.999973 0.999943 0.999909 0.999867 0.999811 0.999737 0.999632 0.99948 0.999253 0.99891 0.998381 0.99756 0.996279 0.994284 0.99119 0.986425 0.979158 0.96821 0.951962 0.92828 0.894544 0.848055 0.787767 0.71912 0.657997 0.618893 0.60447 0.60814 0.621077 0.636449 0.650353 0.661197 0.668776 0.673544 0.676169 0.677304 0.677485 0.677116 0.676478 0.675758 0.675077 0.674504 0.674077 0.673805 0.673673 0.673649 0.67369 0.673754 0.673807 0.673827 0.673807 0.673754 0.67369 0.673649 0.673673 0.673805 0.674077 0.674504 0.675077 0.675758 0.676478 0.677116 0.677485 0.677304 0.676169 0.673542 0.668771 0.661187 0.650332 0.636411 0.621014 0.608044 0.604341 0.618745 0.65786 0.719028 0.787743 0.848097 0.894627 0.928372 0.952037 0.968255 0.979171 0.98641 0.991153 0.994231 0.996215 0.997486 0.9983 0.998821 0.999157 0.999377 0.999524 0.99963 0.999712 0.999785 0.999855 0.999927 1 
1 0.99996 0.999917 0.999868 0.999808 0.999732 0.999632 0.999494 0.999297 0.999009 0.998575 0.997907 0.996866 0.995233 0.992669 0.988664 0.982473 0.973054 0.959048 0.938878 0.911114 0.875207 0.832435 0.786356 0.742896 0.710094 0.694214 0.695402 0.708246 0.726002 0.743738 0.758892 0.770621 0.779032 0.784645 0.788088 0.78994 0.79068 0.79068 0.790225 0.789532 0.788777 0.788099 0.787602 0.787341 0.787316 0.787479 0.787743 0.788016 0.788216 0.788289 0.788216 0.788016 0.787743 0.787479 0.787316 0.787341 0.787602 0.788099 0.788777 0.789532 0.790225 0.79068 0.790679 0.789938 0.788085 0.784639 0.779019 0.770597 0.758848 0.743661 0.725875 0.708055 0.695145 0.693918 0.709818 0.742709 0.78631 0.832532 0.875393 0.91131 0.93903 0.959135 0.973078 0.982444 0.988596 0.992573 0.995118 0.996735 0.997762 0.998414 0.998832 0.999103 0.999286 0.999419 0.99953 0.999637 0.999749 0.999871 1 
1 0.999941 0.999879 0.999807 0.999722 0.999616 0.99948 0.999297 0.999044 0.998682 0.998143 0.997319 0.996033 0.993997 0.990758 0.98562 0.977535 0.965005 0.946042 0.918359 0.880191 0.832209 0.78002 0.733365 0.701263 0.689176 0.697939 0.72247 0.753556 0.783343 0.808103 0.82708 0.840859 0.850428 0.856764 0.860695 0.862865 0.863761 0.86375 0.863122 0.862131 0.861018 0.860013 0.859314 0.85904 0.859202 0.859702 0.860368 0.861012 0.861469 0.861633 0.861469 0.861011 0.860368 0.859702 0.859202 0.85904 0.859314 0.860013 0.861018 0.862131 0.863122 0.863749 0.86376 0.862862 0.860689 0.856754 0.850407 0.840821 0.82701 0.807979 0.783135 0.75323 0.722012 0.697392 0.688649 0.700897 0.733283 0.78025 0.832627 0.880608 0.918661 0.946202 0.965041 0.977475 0.985492 0.990585 0.993791 0.995801 0.997062 0.997855 0.998357 0.998679 0.998896 0.999058 0.999205 0.999362 0.999548 0.999764 1 
1 0.999913 0.99982 0.999715 0.999592 0.999442 0.999253 0.999009 0.998682 0.998227 0.997568 0.996575 0.995028 0.992563 0.988586 0.982146 0.971755 0.95515 0.929078 0.889363 0.832148 0.758401 0.68142 0.622469 0.594734 0.600999 0.63811 0.695247 0.754812 0.804199 0.840623 0.86601 0.883156 0.894443 0.901624 0.905917 0.908138 0.908835 0.90839 0.907114 0.905312 0.903336 0.901577 0.900404 0.900056 0.900552 0.901687 0.903109 0.904441 0.90537 0.905702 0.90537 0.904441 0.903109 0.901686 0.900552 0.900056 0.900404 0.901577 0.903335 0.905312 0.907113 0.908389 0.908833 0.908134 0.90591 0.90161 0.894415 0.883104 0.865913 0.840445 0.803884 0.75429 0.694476 0.637167 0.600079 0.594084 0.622346 0.681946 0.759331 0.833018 0.889944 0.929357 0.95519 0.971627 0.981906 0.988272 0.992199 0.994622 0.996123 0.997055 0.997636 0.997999 0.998236 0.998418 0.998602 0.998838 0.999154 0.999551 1 
1 0.999869 0.99973 0.999574 0.999394 0.999177 0.99891 0.998575 0.998143 0.997568 0.996767 0.995593 0.993789 0.990915 0.986222 0.978467 0.965607 0.944336 0.909449 0.853346 0.76762 0.653685 0.543012 0.473111 0.45095 0.471488 0.533526 0.628203 0.725744 0.801438 0.852923 0.886275 0.907464 0.920714 0.92875 0.933262 0.935269 0.935378 0.933974 0.931371 0.927945 0.924232 0.920933 0.918779 0.918264 0.919423 0.921814 0.924705 0.927349 0.929165 0.929808 0.929165 0.927349 0.924705 0.921813 0.919423 0.918263 0.918779 0.920933 0.924231 0.927945 0.93137 0.933973 0.935376 0.935264 0.933253 0.928734 0.920682 0.907402 0.886155 0.852693 0.801007 0.724984 0.627053 0.532184 0.470263 0.450121 0.473044 0.544083 0.655616 0.769343 0.854392 0.909887 0.944344 0.965332 0.978014 0.985658 0.990278 0.993088 0.99481 0.995865 0.996502 0.996873 0.99709 0.997252 0.997459 0.997806 0.998357 0.999113 1 
1 0.999801 0.99959 0.999357 0.999088 0.998768 0.998381 0.997907 0.997319 0.996575 0.995593 0.994223 0.992187 0.988981 0.983721 0.974886 0.959876 0.934254 0.890523 0.816688 0.698598 0.543808 0.416834 0.354722 0.341787 0.365863 0.43366 0.55199 0.685967 0.788841 0.855319 0.896182 0.920991 0.935883 0.94451 0.948972 0.950419 0.949441 0.94634 0.941363 0.934941 0.927905 0.921566 0.917439 0.91661 0.919157 0.924097 0.929883 0.935035 0.938504 0.939719 0.938504 0.935034 0.929882 0.924096 0.919156 0.916609 0.917439 0.921566 0.927905 0.934941 0.941363 0.946339 0.949438 0.950414 0.948963 0.944494 0.93585 0.920925 0.896051 0.855058 0.788328 0.685031 0.55062 0.432269 0.364752 0.341137 0.354932 0.418593 0.547196 0.701636 0.818371 0.891102 0.934116 0.959294 0.974039 0.982718 0.987879 0.990991 0.992888 0.99403 0.994673 0.994975 0.995064 0.995092 0.995245 0.995729 0.996704 0.998187 1 
1 0.999694 0.999372 0.999019 0.998614 0.998135 0.99756 0.996866 0.996033 0.995028 0.993789 0.992187 0.989949 0.986547 0.981015 0.971638 0.955414 0.927069 0.87732 0.790644 0.649019 0.471074 0.346928 0.296717 0.290401 0.314208 0.379427 0.50503 0.660277 0.780745 0.856618 0.901875 0.928609 0.944216 0.952893 0.956903 0.957346 0.954627 0.948779 0.93979 0.928017 0.914705 0.902349 0.894231 0.892841 0.898357 0.908541 0.920042 0.929944 0.936441 0.938684 0.93644 0.929943 0.920041 0.90854 0.898356 0.89284 0.894231 0.902349 0.914705 0.928017 0.93979 0.948778 0.954625 0.957342 0.956895 0.952878 0.944186 0.928549 0.901754 0.856372 0.780252 0.659368 0.503773 0.378314 0.313458 0.290166 0.297461 0.349557 0.476054 0.65353 0.792909 0.877847 0.92652 0.954222 0.970073 0.979248 0.984663 0.987941 0.98995 0.991127 0.991684 0.991747 0.991456 0.991047 0.990891 0.991464 0.993191 0.996176 1 
1 0.999523 0.999027 0.998488 0.997874 0.99715 0.996279 0.995233 0.993997 0.992563 0.990915 0.988981 0.986547 0.983124 0.97774 0.968627 0.952669 0.924386 0.874102 0.785477 0.63947 0.45708 0.333751 0.286198 0.282487 0.309157 0.378222 0.508511 0.666484 0.7872 0.862473 0.907012 0.93309 0.948104 0.956142 0.959259 0.958229 0.952994 0.942986 0.927506 0.906407 0.881306 0.856948 0.840651 0.838259 0.850172 0.871175 0.893881 0.912591 0.924451 0.928472 0.924451 0.91259 0.893879 0.871173 0.850169 0.838257 0.840649 0.856947 0.881306 0.906408 0.927506 0.942985 0.952992 0.958225 0.959252 0.95613 0.948082 0.933046 0.906925 0.862299 0.786856 0.665866 0.50771 0.377655 0.309031 0.283034 0.288 0.337832 0.46375 0.644984 0.7878 0.874077 0.922913 0.950319 0.96578 0.974656 0.979941 0.983237 0.985318 0.986481 0.986795 0.986274 0.985034 0.983441 0.982237 0.982548 0.985539 0.991676 1 
1 0.999243 0.998467 0.997641 0.996712 0.995615 0.994284 0.992669 0.990758 0.988586 0.986222 0.983721 0.981015 0.97774 0.973013 0.96514 0.951176 0.926133 0.881529 0.803459 0.675038 0.506979 0.378379 0.322852 0.318384 0.35259 0.433434 0.565363 0.70595 0.809094 0.873691 0.912353 0.935172 0.948315 0.955127 0.957054 0.95422 0.945737 0.929905 0.904512 0.867791 0.821056 0.773229 0.740715 0.736628 0.761659 0.804227 0.848223 0.882591 0.903446 0.910351 0.903445 0.882589 0.848219 0.804222 0.761654 0.736624 0.740713 0.77323 0.821057 0.867792 0.904512 0.929904 0.945735 0.954217 0.957049 0.955119 0.948302 0.935149 0.912312 0.87362 0.808977 0.705801 0.565331 0.433836 0.353656 0.320452 0.32661 0.384657 0.514908 0.680234 0.804773 0.88007 0.922853 0.946724 0.960032 0.967678 0.972432 0.975675 0.977895 0.979053 0.978883 0.977119 0.973723 0.969188 0.964944 0.963619 0.968461 0.981302 1 
1 0.998766 0.997532 0.996262 0.994868 0.993223 0.99119 0.988664 0.98562 0.982146 0.978467 0.974886 0.971638 0.968627 0.96514 0.959598 0.949334 0.930204 0.895849 0.836794 0.74186 0.612686 0.493206 0.428767 0.421201 0.461981 0.547078 0.659729 0.763878 0.838686 0.886597 0.915965 0.933668 0.944093 0.949475 0.950335 0.945807 0.933753 0.910663 0.871538 0.810836 0.727951 0.640467 0.582663 0.576508 0.622073 0.700531 0.780676 0.840414 0.87499 0.886136 0.874988 0.840411 0.78067 0.700523 0.622065 0.576503 0.582661 0.640469 0.727955 0.810839 0.871539 0.910662 0.933751 0.945803 0.95033 0.94947 0.944089 0.933665 0.915967 0.886617 0.838764 0.76413 0.660434 0.548652 0.464735 0.425453 0.434918 0.500979 0.619535 0.744751 0.835703 0.891683 0.923705 0.94117 0.950528 0.955955 0.959869 0.963241 0.965969 0.96733 0.966372 0.962195 0.954232 0.942842 0.930453 0.922979 0.929418 0.956585 1 
1 0.997915 0.995906 0.993953 0.991899 0.989486 0.986425 0.982473 0.977535 0.971755 0.965607 0.959876 0.955414 0.952669 0.951176 0.949334 0.944499 0.933171 0.910964 0.87255 0.812865 0.733126 0.652445 0.60026 0.591139 0.622954 0.684234 0.75611 0.81929 0.865249 0.895286 0.91395 0.925574 0.933051 0.937468 0.938169 0.932952 0.918046 0.887562 0.832546 0.741663 0.613227 0.486492 0.414506 0.407971 0.463558 0.573085 0.697288 0.790481 0.842734 0.859197 0.842732 0.790476 0.697279 0.573075 0.463549 0.407967 0.414506 0.486497 0.613234 0.741668 0.832547 0.88756 0.918042 0.932946 0.938162 0.937463 0.933051 0.925583 0.913978 0.895355 0.865412 0.819677 0.756989 0.686029 0.626068 0.59571 0.605878 0.657747 0.735993 0.811917 0.867669 0.902373 0.921201 0.929848 0.933278 0.935353 0.938344 0.942617 0.946938 0.949242 0.947281 0.938846 0.921927 0.895583 0.862784 0.835813 0.838785 0.895916 1 
1 0.996308 0.992933 0.989932 0.987011 0.983627 0.979158 0.973054 0.965005 0.95515 0.944336 0.934254 0.927069 0.924386 0.926133 0.930204 0.933171 0.931386 0.921589 0.90108 0.86841 0.825717 0.782196 0.75193 0.744508 0.760136 0.791425 0.827425 0.858582 0.880485 0.893559 0.900804 0.905721 0.910612 0.915555 0.918343 0.914958 0.899725 0.864395 0.796318 0.679684 0.519204 0.383546 0.31875 0.312652 0.359416 0.46878 0.620012 0.743627 0.813139 0.834804 0.813136 0.743621 0.620002 0.46877 0.359409 0.31265 0.318752 0.383553 0.519216 0.679692 0.79632 0.864391 0.899717 0.914947 0.918331 0.915546 0.910612 0.905737 0.900844 0.893639 0.880643 0.8589 0.828053 0.79257 0.761955 0.746888 0.754258 0.783289 0.824141 0.862996 0.890991 0.906138 0.91028 0.907154 0.901657 0.898682 0.901111 0.908384 0.916969 0.922206 0.919577 0.904541 0.871829 0.816003 0.737528 0.659529 0.638674 0.748763 1 
1 0.99308 0.987186 0.982609 0.978732 0.974373 0.96821 0.959048 0.946042 0.929078 0.909449 0.890523 0.87732 0.874102 0.881529 0.895849 0.910964 0.921589 0.924655 0.918963 0.904847 0.884638 0.863349 0.84752 0.841773 0.846395 0.857648 0.869844 0.877898 0.879317 0.874948 0.868657 0.865506 0.86868 0.877332 0.886742 0.890048 0.879407 0.845002 0.772543 0.645305 0.47556 0.344854 0.286551 0.279206 0.316242 0.414673 0.572275 0.713097 0.793803 0.818926 0.7938 0.713091 0.572265 0.414664 0.316237 0.279205 0.286553 0.344863 0.475574 0.645314 0.772542 0.844993 0.87939 0.890025 0.886715 0.877309 0.868673 0.865523 0.868705 0.875027 0.879434 0.87808 0.870133 0.858076 0.846905 0.842091 0.847016 0.860993 0.879065 0.894443 0.901848 0.898769 0.885369 0.864959 0.844701 0.833503 0.83665 0.851889 0.870726 0.883437 0.882016 0.858672 0.802731 0.700089 0.548928 0.401028 0.340877 0.476239 1 
1 0.986197 0.975436 0.96862 0.964237 0.959604 0.951962 0.938878 0.918359 0.889363 0.853346 0.816688 0.790644 0.785477 0.803459 0.836794 0.87255 0.90108 0.918963 0.926499 0.925547 0.9188 0.909622 0.90142 0.896352 0.894315 0.892973 0.888638 0.877637 0.857976 0.831459 0.805515 0.790705 0.793597 0.81212 0.836661 0.855032 0.856538 0.831163 0.765888 0.64578 0.482465 0.352443 0.291242 0.280249 0.313262 0.407797 0.564662 0.707768 0.790254 0.815947 0.790251 0.707763 0.564654 0.40779 0.31326 0.280249 0.291247 0.352454 0.482479 0.645787 0.765884 0.831146 0.856507 0.854987 0.836606 0.812069 0.793571 0.790725 0.805582 0.83155 0.858063 0.877697 0.888644 0.892852 0.893887 0.89523 0.898896 0.904543 0.909441 0.909409 0.900071 0.877716 0.840541 0.792097 0.745863 0.720805 0.727749 0.761086 0.801969 0.830913 0.835425 0.805158 0.724974 0.577986 0.389849 0.252322 0.203973 0.32032 1 
1 0.970671 0.950148 0.940714 0.938042 0.935755 0.92828 0.911114 0.880191 0.832148 0.76762 0.698598 0.649019 0.63947 0.675038 0.74186 0.812865 0.86841 0.904847 0.925547 0.934925 0.936855 0.934503 0.930189 0.924986 0.918317 0.907864 0.88981 0.859513 0.81335 0.753666 0.695932 0.663017 0.66771 0.705922 0.75955 0.805995 0.829678 0.822106 0.77473 0.676925 0.533803 0.402283 0.330097 0.313225 0.348128 0.447592 0.59917 0.72947 0.803648 0.826787 0.803646 0.729466 0.599165 0.447587 0.348127 0.313228 0.330104 0.402296 0.533816 0.676928 0.774719 0.822077 0.829626 0.805914 0.759441 0.705812 0.667648 0.663044 0.696051 0.75382 0.813453 0.859502 0.889618 0.907364 0.917249 0.922866 0.926162 0.927133 0.923796 0.912398 0.887605 0.842745 0.771936 0.679433 0.593886 0.551235 0.566345 0.629641 0.708437 0.765932 0.783823 0.752458 0.658066 0.494033 0.318193 0.209363 0.175764 0.292025 1 
1 0.933874 0.893418 0.883278 0.889686 0.896996 0.894544 0.875207 0.832209 0.758401 0.653685 0.543808 0.471074 0.45708 0.506979 0.612686 0.733126 0.825717 0.884638 0.9188 0.936855 0.944811 0.946518 0.944154 0.938339 0.927986 0.910037 0.879116 0.8274 0.746743 0.640202 0.541462 0.489962 0.497458 0.558699 0.652855 0.741931 0.79841 0.815924 0.79338 0.727537 0.620414 0.502828 0.423027 0.400638 0.439558 0.540261 0.669823 0.772177 0.830157 0.848422 0.830156 0.772175 0.669821 0.54026 0.439561 0.400644 0.423038 0.502842 0.620424 0.727534 0.79336 0.81588 0.798329 0.741796 0.652668 0.558515 0.497353 0.489997 0.541663 0.640489 0.746934 0.827384 0.878812 0.909293 0.926496 0.935531 0.939013 0.937275 0.928413 0.908044 0.868623 0.798735 0.686735 0.544463 0.431896 0.386745 0.408184 0.490525 0.606201 0.698057 0.734904 0.709418 0.614366 0.456274 0.301967 0.208953 0.181595 0.301104 1 
1 0.843927 0.764624 0.765154 0.801059 0.834839 0.848055 0.832435 0.78002 0.68142 0.543012 0.416834 0.346928 0.333751 0.378379 0.493206 0.652445 0.782196 0.863349 0.909622 0.934503 0.946518 0.950559 0.949063 0.942491 0.929278 0.905339 0.863081 0.790311 0.673515 0.523534 0.405033 0.353218 0.359978 0.42254 0.539854 0.672288 0.766416 0.81177 0.815207 0.782207 0.718152 0.639158 0.576134 0.556456 0.590478 0.66761 0.755172 0.82291 0.862419 0.87516 0.862419 0.82291 0.755172 0.667611 0.590484 0.556466 0.576146 0.639169 0.718155 0.782199 0.81518 0.811713 0.766307 0.672102 0.53961 0.422335 0.359873 0.353256 0.405275 0.523962 0.673847 0.790345 0.862738 0.904467 0.927547 0.939272 0.943216 0.940052 0.927729 0.900939 0.849727 0.758014 0.611242 0.442008 0.334905 0.300952 0.323782 0.403678 0.531316 0.645781 0.698802 0.682076 0.594627 0.450301 0.310248 0.221422 0.193841 0.314495 1 
1 0.639501 0.509017 0.55003 0.652305 0.741548 0.787767 0.786356 0.733365 0.622469 0.473111 0.354722 0.296717 0.286198 0.322852 0.428767 0.60026 0.75193 0.84752 0.90142 0.930189 0.944154 0.949063 0.947692 0.940512 0.92564 0.898169 0.84873 0.761857 0.621633 0.452123 0.336648 0.291057 0.294406 0.345483 0.460223 0.617684 0.742328 0.811145 0.835816 0.828548 0.79875 0.758212 0.724284 0.714172 0.735101 0.779274 0.828756 0.868633 0.893077 0.901192 0.893077 0.868634 0.828758 0.779277 0.735106 0.714179 0.724292 0.758217 0.798749 0.828536 0.835786 0.811082 0.742205 0.617477 0.459982 0.345309 0.294325 0.291099 0.336895 0.452623 0.622087 0.761961 0.848403 0.89727 0.923839 0.937163 0.941616 0.938135 0.924539 0.894911 0.837877 0.734961 0.572041 0.397959 0.301268 0.275572 0.299908 0.376422 0.503216 0.623557 0.683102 0.672366 0.593428 0.461018 0.326748 0.235125 0.203793 0.323604 1 
1 0.3805 0.262821 0.325046 0.472482 0.626217 0.71912 0.742896 0.701263 0.594734 0.45095 0.341787 0.290401 0.282487 0.318384 0.421201 0.591139 0.744508 0.841773 0.896352 0.924986 0.938339 0.942491 0.940512 0.933044 0.918178 0.890728 0.840806 0.752287 0.60929 0.438912 0.325096 0.279023 0.278066 0.321451 0.430625 0.596291 0.735425 0.816839 0.854116 0.86266 0.853543 0.836483 0.821772 0.818456 0.830288 0.853681 0.880422 0.903077 0.917626 0.922584 0.917627 0.903078 0.880425 0.853684 0.830293 0.818461 0.821777 0.836486 0.85354 0.862649 0.854089 0.816781 0.735312 0.596105 0.430425 0.32132 0.278017 0.279089 0.325366 0.439451 0.609802 0.752446 0.840534 0.889899 0.916478 0.929858 0.934719 0.932092 0.919751 0.891758 0.836961 0.737541 0.579733 0.408982 0.312524 0.28802 0.315739 0.395874 0.520779 0.634142 0.689004 0.678195 0.604032 0.478253 0.343622 0.245866 0.209621 0.327731 1 
1 0.300021 0.187251 0.232632 0.358649 0.528944 0.657997 0.710094 0.689176 0.600999 0.471488 0.365863 0.314208 0.309157 0.35259 0.461981 0.622954 0.760136 0.846395 0.894315 0.918317 0.927986 0.929278 0.92564 0.918178 0.905278 0.881984 0.839086 0.762234 0.636712 0.478996 0.360133 0.305077 0.299251 0.342728 0.453957 0.616482 0.750417 0.830363 0.870382 0.885487 0.886184 0.880459 0.875087 0.875168 0.882741 0.896227 0.911735 0.925323 0.934342 0.937475 0.934343 0.925325 0.911738 0.896231 0.882747 0.875174 0.875092 0.880462 0.886183 0.885478 0.870362 0.830321 0.750338 0.616354 0.453825 0.342658 0.29926 0.305209 0.360477 0.479574 0.637221 0.76243 0.838911 0.881325 0.903854 0.915439 0.920607 0.920258 0.912048 0.890389 0.845735 0.763727 0.631689 0.475918 0.37321 0.343787 0.375418 0.461404 0.577943 0.671661 0.711927 0.694784 0.620437 0.495995 0.357336 0.252686 0.211979 0.328436 1 
1 0.295521 0.178993 0.212253 0.315583 0.47419 0.618893 0.694214 0.697939 0.63811 0.533526 0.43366 0.379427 0.378222 0.433434 0.547078 0.684234 0.791425 0.857648 0.892973 0.907864 0.910037 0.905339 0.898169 0.890728 0.881984 0.867219 0.83812 0.783179 0.69067 0.564744 0.449175 0.383622 0.373443 0.421856 0.534132 0.674984 0.784093 0.849862 0.884021 0.898253 0.901094 0.899019 0.897096 0.898725 0.905083 0.915111 0.926379 0.936311 0.942985 0.945322 0.942987 0.936315 0.926385 0.915118 0.905092 0.898734 0.897104 0.899024 0.901095 0.89825 0.884011 0.849841 0.784058 0.674935 0.5341 0.421888 0.373565 0.383881 0.449626 0.565321 0.691136 0.78342 0.838106 0.866855 0.88103 0.888713 0.894287 0.898282 0.89771 0.886929 0.858275 0.802231 0.710677 0.594026 0.499896 0.466302 0.496063 0.573058 0.661843 0.724342 0.743988 0.716427 0.637991 0.510998 0.366674 0.256024 0.212154 0.327474 1 
1 0.308021 0.188517 0.217531 0.310339 0.456596 0.60447 0.695402 0.72247 0.695247 0.628203 0.55199 0.50503 0.508511 0.565363 0.659729 0.75611 0.827425 0.869844 0.888638 0.88981 0.879116 0.863081 0.84873 0.840806 0.839086 0.83812 0.829033 0.802013 0.749159 0.670879 0.587057 0.529584 0.519969 0.565395 0.654831 0.751999 0.825313 0.870113 0.892774 0.900534 0.899704 0.89586 0.89367 0.896068 0.90361 0.914697 0.92666 0.936949 0.943767 0.94614 0.94377 0.936955 0.92667 0.91471 0.903626 0.896085 0.893684 0.895871 0.89971 0.900536 0.892772 0.870109 0.825312 0.752012 0.654891 0.56554 0.520221 0.529957 0.587534 0.671376 0.749584 0.802348 0.829284 0.838231 0.838862 0.839839 0.846343 0.858294 0.870602 0.875782 0.866841 0.83826 0.787331 0.720333 0.66053 0.634943 0.652092 0.698313 0.747605 0.777724 0.776961 0.738088 0.653558 0.521835 0.371713 0.256812 0.21128 0.326082 1 
1 0.319494 0.199266 0.229011 0.320298 0.460973 0.60814 0.708246 0.753556 0.754812 0.725744 0.685967 0.660277 0.666484 0.70595 0.763878 0.81929 0.858582 0.877898 0.877637 0.859513 0.8274 0.790311 0.761857 0.752287 0.762234 0.783179 0.802013 0.807085 0.792421 0.759353 0.718644 0.688545 0.685469 0.714866 0.76671 0.820649 0.861449 0.885096 0.893358 0.889946 0.879719 0.86869 0.862892 0.866034 0.877936 0.895083 0.912832 0.927475 0.936877 0.940096 0.936882 0.927485 0.912849 0.895107 0.877965 0.866065 0.86292 0.86871 0.879731 0.889952 0.893361 0.885101 0.861463 0.820684 0.766791 0.715019 0.685707 0.688862 0.719016 0.759752 0.792849 0.807594 0.802677 0.784021 0.763118 0.752818 0.761366 0.78796 0.822385 0.851166 0.865505 0.862399 0.84288 0.812691 0.783856 0.769911 0.776168 0.795925 0.815515 0.821911 0.805273 0.756514 0.665512 0.528303 0.373221 0.256014 0.210107 0.3249 1 
1 0.326058 0.206548 0.239318 0.333908 0.474674 0.621077 0.726002 0.783343 0.804199 0.801438 0.788841 0.780745 0.7872 0.809094 0.838686 0.865249 0.880485 0.879317 0.857976 0.81335 0.746743 0.673515 0.621633 0.60929 0.636712 0.69067 0.749159 0.792421 0.813385 0.81521 0.806605 0.79883 0.801487 0.817948 0.843535 0.868851 0.885931 0.890845 0.882612 0.862479 0.834883 0.808694 0.794665 0.799326 0.821251 0.852414 0.883294 0.907531 0.922486 0.927496 0.922494 0.907548 0.883323 0.852457 0.821307 0.799385 0.794717 0.80873 0.834902 0.862487 0.882615 0.890851 0.885947 0.868885 0.843601 0.818058 0.80165 0.799046 0.806874 0.815553 0.813867 0.793175 0.750377 0.692491 0.639023 0.611665 0.623355 0.673675 0.744696 0.809124 0.852082 0.872965 0.876521 0.869326 0.859205 0.853287 0.854491 0.85991 0.862592 0.854381 0.826892 0.770426 0.673492 0.530988 0.372253 0.254428 0.209034 0.32414 1 
1 0.328424 0.210099 0.246304 0.345943 0.489905 0.636449 0.743738 0.808103 0.840623 0.852923 0.855319 0.856618 0.862473 0.873691 0.886597 0.895286 0.893559 0.874948 0.831459 0.753666 0.640202 0.523534 0.452123 0.438912 0.478996 0.564744 0.670879 0.759353 0.81521 0.844178 0.856787 0.862765 0.869096 0.878615 0.889716 0.897906 0.898178 0.886223 0.858574 0.813659 0.756055 0.702023 0.673006 0.680813 0.721967 0.780145 0.835626 0.876872 0.901185 0.909133 0.901197 0.876899 0.835675 0.780221 0.722066 0.680917 0.673096 0.702082 0.75608 0.813664 0.858572 0.886224 0.898187 0.897929 0.889758 0.878684 0.869197 0.862906 0.856989 0.844491 0.815749 0.760333 0.672591 0.567255 0.481955 0.441954 0.454919 0.525395 0.640259 0.752059 0.82911 0.873128 0.894268 0.901615 0.902302 0.901333 0.900782 0.8994 0.893246 0.876598 0.842094 0.779935 0.677975 0.530883 0.369866 0.252622 0.20822 0.323789 1 
1 0.328364 0.211071 0.250071 0.354584 0.50282 0.650353 0.758892 0.82708 0.86601 0.886275 0.896182 0.901875 0.907012 0.912353 0.915965 0.91395 0.900804 0.868657 0.805515 0.695932 0.541462 0.405033 0.336648 0.325096 0.360133 0.449175 0.587057 0.718644 0.806605 0.856787 0.88349 0.897716 0.906289 0.912249 0.915365 0.912949 0.90068 0.872846 0.822339 0.742981 0.64087 0.549339 0.503622 0.51495 0.579239 0.676215 0.76996 0.837012 0.874829 0.886878 0.874845 0.837052 0.770033 0.676332 0.579383 0.515091 0.503736 0.549409 0.640887 0.742967 0.822322 0.872837 0.900681 0.912961 0.915388 0.912287 0.906346 0.897805 0.883637 0.857058 0.807134 0.719667 0.588783 0.451289 0.362183 0.327045 0.338548 0.406669 0.542158 0.695541 0.804847 0.868706 0.902802 0.919459 0.926539 0.928648 0.927705 0.923201 0.912504 0.89106 0.852098 0.785832 0.679824 0.529065 0.366938 0.250948 0.207689 0.32374 1 
1 0.327353 0.210707 0.251503 0.359783 0.512133 0.661197 0.770621 0.840859 0.883156 0.907464 0.920991 0.928609 0.93309 0.935172 0.933668 0.925574 0.905721 0.865506 0.790705 0.663017 0.489962 0.353218 0.291057 0.279023 0.305077 0.383622 0.529584 0.688545 0.79883 0.862765 0.897716 0.916351 0.925949 0.929827 0.928266 0.919006 0.897291 0.855241 0.781162 0.664059 0.52001 0.410493 0.364138 0.374427 0.440941 0.561888 0.695937 0.793674 0.847416 0.864203 0.847436 0.793721 0.696028 0.562025 0.441081 0.374539 0.364218 0.410529 0.519987 0.664002 0.781117 0.855217 0.897283 0.919009 0.928275 0.929841 0.925972 0.916393 0.897805 0.862956 0.799237 0.689345 0.530823 0.384857 0.3061 0.279931 0.291935 0.353982 0.490273 0.662834 0.790581 0.866044 0.907576 0.929449 0.940086 0.944029 0.943153 0.937244 0.924219 0.900054 0.85827 0.789089 0.679962 0.526474 0.364087 0.249584 0.207399 0.323875 1 
1 0.326247 0.209875 0.251542 0.362251 0.517964 0.668776 0.779032 0.850428 0.894443 0.920714 0.935883 0.944216 0.948104 0.948315 0.944093 0.933051 0.910612 0.86868 0.793597 0.66771 0.497458 0.359978 0.294406 0.278066 0.299251 0.373443 0.519969 0.685469 0.801487 0.869096 0.906289 0.925949 0.935302 0.937641 0.933303 0.919944 0.892114 0.84 0.748302 0.60453 0.441822 0.33717 0.297583 0.304158 0.358501 0.476627 0.63407 0.757245 0.824989 0.845939 0.825007 0.757291 0.634158 0.476744 0.3586 0.304225 0.297616 0.337153 0.441733 0.604407 0.74822 0.839961 0.892102 0.919943 0.933303 0.937637 0.935295 0.925944 0.906308 0.869174 0.801688 0.685872 0.520542 0.373916 0.299582 0.27833 0.294614 0.360027 0.497196 0.667338 0.793479 0.869092 0.911827 0.935308 0.947434 0.952327 0.951638 0.945163 0.930997 0.905321 0.861781 0.790586 0.679175 0.523805 0.361669 0.248582 0.207285 0.324094 1 
1 0.325397 0.209037 0.250915 0.362886 0.521027 0.673544 0.784645 0.856764 0.901624 0.92875 0.94451 0.952893 0.956142 0.955127 0.949475 0.937468 0.915555 0.877332 0.81212 0.705922 0.558699 0.42254 0.345483 0.321451 0.342728 0.421856 0.565395 0.714866 0.817948 0.878615 0.912249 0.929827 0.937641 0.938589 0.93286 0.917962 0.888091 0.83266 0.73518 0.583512 0.418074 0.317116 0.278994 0.281708 0.327158 0.437789 0.602529 0.738431 0.813673 0.836863 0.813684 0.738461 0.602587 0.437859 0.327208 0.281729 0.278976 0.317033 0.417901 0.583318 0.735066 0.832618 0.888088 0.91797 0.932861 0.938572 0.937602 0.929772 0.912189 0.878569 0.81793 0.714869 0.565355 0.421701 0.342525 0.321234 0.345195 0.422064 0.558039 0.705363 0.811838 0.8774 0.916038 0.938367 0.950607 0.955955 0.955574 0.949055 0.934473 0.908062 0.863504 0.790998 0.678031 0.521484 0.359837 0.247921 0.207283 0.324328 1 
1 0.324868 0.208379 0.25008 0.362469 0.522165 0.676169 0.788088 0.860695 0.905917 0.933262 0.948972 0.956903 0.959259 0.957054 0.950335 0.938169 0.918343 0.886742 0.836661 0.75955 0.652855 0.539854 0.460223 0.430625 0.453957 0.534132 0.654831 0.76671 0.843535 0.889716 0.915365 0.928266 0.933303 0.93286 0.926968 0.913122 0.885678 0.834649 0.744795 0.603781 0.442798 0.335813 0.291005 0.289981 0.334671 0.446131 0.609936 0.743456 0.817102 0.839785 0.817103 0.743457 0.609938 0.446127 0.334649 0.289931 0.290903 0.335627 0.442523 0.603538 0.744681 0.834633 0.88571 0.913162 0.926985 0.932835 0.933228 0.928148 0.915218 0.889552 0.84335 0.766455 0.654409 0.533508 0.453266 0.429943 0.459512 0.539067 0.652077 0.758911 0.836184 0.886412 0.918132 0.937974 0.949879 0.95575 0.956041 0.950006 0.935597 0.909037 0.864029 0.790787 0.676883 0.519711 0.358597 0.247544 0.207342 0.324533 1 
1 0.324602 0.207934 0.249284 0.361573 0.522122 0.677304 0.78994 0.862865 0.908138 0.935269 0.950419 0.957346 0.958229 0.95422 0.945807 0.932952 0.914958 0.890048 0.855032 0.805995 0.741931 0.672288 0.617684 0.596291 0.616482 0.674984 0.751999 0.820649 0.868851 0.897906 0.912949 0.919006 0.919944 0.917962 0.913122 0.902988 0.882315 0.842539 0.771405 0.657428 0.514399 0.399668 0.342567 0.338056 0.388946 0.505989 0.656641 0.771726 0.834758 0.854263 0.834747 0.771697 0.65658 0.505882 0.388802 0.337874 0.34232 0.399338 0.514044 0.657205 0.771352 0.8426 0.882429 0.9031 0.913184 0.917937 0.919818 0.918796 0.912687 0.897623 0.868553 0.820302 0.751529 0.674338 0.615726 0.59553 0.616963 0.671601 0.741266 0.805333 0.854334 0.889287 0.91409 0.931849 0.944162 0.951431 0.953244 0.948441 0.934845 0.908685 0.863721 0.79023 0.675905 0.518519 0.357878 0.247381 0.207425 0.324691 1 
1 0.324514 0.20767 0.248634 0.360563 0.521458 0.677485 0.79068 0.863761 0.908835 0.935378 0.949441 0.954627 0.952994 0.945737 0.933753 0.918046 0.899725 0.879407 0.856538 0.829678 0.79841 0.766416 0.742328 0.735425 0.750417 0.784093 0.825313 0.861449 0.885931 0.898178 0.90068 0.897291 0.892114 0.888091 0.885678 0.882315 0.872697 0.849376 0.803428 0.726819 0.622787 0.521534 0.459814 0.453766 0.508475 0.615097 0.730816 0.815112 0.861965 0.876701 0.861947 0.815066 0.730715 0.614907 0.508192 0.453414 0.459405 0.521118 0.622482 0.726717 0.803514 0.849592 0.872976 0.882578 0.88584 0.888079 0.891902 0.896917 0.900227 0.897726 0.885523 0.86108 0.824951 0.783708 0.750027 0.73507 0.742011 0.766074 0.797937 0.828975 0.855548 0.878131 0.898166 0.916111 0.931148 0.941854 0.946781 0.944368 0.932405 0.907241 0.862788 0.789472 0.675144 0.517842 0.357572 0.247369 0.207512 0.3248 1 
1 0.32453 0.20754 0.248158 0.35964 0.520553 0.677116 0.79068 0.86375 0.90839 0.933974 0.94634 0.948779 0.942986 0.929905 0.910663 0.887562 0.864395 0.845002 0.831163 0.822106 0.815924 0.81177 0.811145 0.816839 0.830363 0.849862 0.870113 0.885096 0.890845 0.886223 0.872846 0.855241 0.84 0.83266 0.834649 0.842539 0.849376 0.847035 0.828444 0.789326 0.731773 0.67024 0.628508 0.625747 0.666704 0.736833 0.808142 0.861249 0.89207 0.902022 0.892052 0.861205 0.80805 0.736661 0.666436 0.625406 0.628155 0.669967 0.73167 0.789435 0.828757 0.847519 0.84996 0.843099 0.83502 0.83269 0.839627 0.85455 0.872032 0.885473 0.890255 0.884685 0.869864 0.849757 0.830395 0.816994 0.811356 0.811877 0.815691 0.821317 0.829738 0.843022 0.861996 0.88476 0.9072 0.92516 0.935882 0.937587 0.928329 0.904836 0.861357 0.788582 0.674577 0.517567 0.357563 0.247453 0.20759 0.324863 1 
1 0.324598 0.207499 0.247843 0.358895 0.51964 0.676478 0.790225 0.863122 0.907114 0.931371 0.941363 0.93979 0.927506 0.904512 0.871538 0.832546 0.796318 0.772543 0.765888 0.77473 0.79338 0.815207 0.835816 0.854116 0.870382 0.884021 0.892774 0.893358 0.882612 0.858574 0.822339 0.781162 0.748302 0.73518 0.744795 0.771405 0.803428 0.828444 0.838481 0.831462 0.810609 0.784844 0.767217 0.768964 0.792882 0.83106 0.87028 0.901002 0.919715 0.925921 0.919702 0.90097 0.870219 0.830956 0.792731 0.768789 0.767073 0.784804 0.810746 0.831831 0.839122 0.829366 0.804557 0.772524 0.745579 0.735314 0.747633 0.779848 0.820829 0.857279 0.881698 0.892835 0.892607 0.884182 0.870855 0.854867 0.836723 0.815981 0.793546 0.77383 0.7638 0.769536 0.792814 0.828769 0.867271 0.899071 0.919749 0.927955 0.922713 0.901615 0.859539 0.787601 0.674156 0.517565 0.357743 0.247591 0.207654 0.324892 1 
1 0.324682 0.20751 0.247657 0.358345 0.518838 0.675758 0.789532 0.862131 0.905312 0.927945 0.934941 0.928017 0.906407 0.867791 0.810836 0.741663 0.679684 0.645305 0.64578 0.676925 0.727537 0.782207 0.828548 0.86266 0.885487 0.898253 0.900534 0.889946 0.862479 0.813659 0.742981 0.664059 0.60453 0.583512 0.603781 0.657428 0.726819 0.789326 0.831462 0.852487 0.8578 0.855214 0.853162 0.858217 0.872481 0.892986 0.91418 0.931431 0.942333 0.946024 0.942325 0.931414 0.914149 0.892941 0.872429 0.858182 0.853189 0.855368 0.858162 0.853156 0.832551 0.790921 0.728832 0.659427 0.605183 0.583822 0.603422 0.661678 0.740216 0.811431 0.861039 0.889223 0.900422 0.898697 0.886482 0.864201 0.830511 0.784143 0.72851 0.676019 0.642905 0.641112 0.675003 0.73699 0.805961 0.861887 0.898233 0.915775 0.915897 0.897839 0.857493 0.786587 0.673835 0.517723 0.358019 0.247747 0.207704 0.324898 1 
1 0.324765 0.207549 0.247564 0.357971 0.518194 0.675077 0.788777 0.861018 0.903336 0.924232 0.927905 0.914705 0.881306 0.821056 0.727951 0.613227 0.519204 0.47556 0.482465 0.533803 0.620414 0.718152 0.79875 0.853543 0.886184 0.901094 0.899704 0.879719 0.834883 0.756055 0.64087 0.52001 0.441822 0.418074 0.442798 0.514399 0.622787 0.731773 0.810609 0.8578 0.882732 0.89499 0.902248 0.909711 0.919646 0.93157 0.943456 0.953225 0.959514 0.961669 0.959511 0.95322 0.94345 0.931567 0.919659 0.909766 0.902391 0.895293 0.883303 0.858798 0.812256 0.73426 0.625864 0.517104 0.444466 0.418439 0.440453 0.516534 0.636348 0.752481 0.832727 0.878727 0.899635 0.901858 0.887823 0.856163 0.802343 0.722103 0.622923 0.533417 0.479674 0.471547 0.514806 0.608826 0.723257 0.815181 0.873032 0.902289 0.908667 0.893965 0.855462 0.785631 0.673591 0.517946 0.358316 0.247895 0.207741 0.32489 1 
1 0.324836 0.207597 0.247531 0.357732 0.517713 0.674504 0.788099 0.860013 0.901577 0.920933 0.921566 0.902349 0.856948 0.773229 0.640467 0.486492 0.383546 0.344854 0.352443 0.402283 0.502828 0.639158 0.758212 0.836483 0.880459 0.899019 0.89586 0.86869 0.808694 0.702023 0.549339 0.410493 0.33717 0.317116 0.335813 0.399668 0.521534 0.67024 0.784844 0.855214 0.89499 0.917025 0.93 0.939223 0.947394 0.955272 0.962469 0.968233 0.971934 0.973206 0.971935 0.968237 0.962479 0.955296 0.947447 0.939334 0.93022 0.917438 0.895737 0.856525 0.787059 0.673598 0.525241 0.402225 0.337116 0.317339 0.335879 0.406722 0.543387 0.69708 0.805815 0.867446 0.895855 0.900134 0.882829 0.840432 0.764011 0.645954 0.507247 0.402905 0.350992 0.342957 0.381885 0.484818 0.637588 0.768205 0.848985 0.889997 0.902299 0.89064 0.853758 0.784859 0.673428 0.51817 0.358577 0.248016 0.207764 0.324876 1 
1 0.324893 0.207642 0.247529 0.357587 0.517372 0.674077 0.787602 0.859314 0.900404 0.918779 0.917439 0.894231 0.840651 0.740715 0.582663 0.414506 0.31875 0.286551 0.291242 0.330097 0.423027 0.576134 0.724284 0.821772 0.875087 0.897096 0.89367 0.862892 0.794665 0.673006 0.503622 0.364138 0.297583 0.278994 0.291005 0.342567 0.459814 0.628508 0.767217 0.853162 0.902248 0.93 0.94619 0.956479 0.963907 0.969842 0.974671 0.978324 0.980614 0.981395 0.980617 0.978334 0.974691 0.969882 0.963983 0.956623 0.946456 0.930482 0.903111 0.854691 0.769839 0.632434 0.463644 0.344761 0.291965 0.279066 0.296335 0.360387 0.497061 0.667284 0.791376 0.861538 0.893769 0.898543 0.878134 0.827006 0.732318 0.585674 0.428773 0.3314 0.290779 0.286267 0.319533 0.416076 0.582597 0.737158 0.833315 0.882125 0.898266 0.888546 0.852693 0.784393 0.673363 0.518355 0.358768 0.248097 0.207776 0.324861 1 
1 0.324935 0.207679 0.247538 0.357497 0.517142 0.673805 0.787341 0.85904 0.900056 0.918264 0.91661 0.892841 0.838259 0.736628 0.576508 0.407971 0.312652 0.279206 0.280249 0.313225 0.400638 0.556456 0.714172 0.818456 0.875168 0.898725 0.896068 0.866034 0.799326 0.680813 0.51495 0.374427 0.304158 0.281708 0.289981 0.338056 0.453766 0.625747 0.768964 0.858217 0.909711 0.939223 0.956479 0.967042 0.973985 0.978893 0.982483 0.985013 0.986538 0.987051 0.986544 0.985026 0.982508 0.97894 0.974072 0.967199 0.956761 0.939725 0.910602 0.859795 0.771682 0.62983 0.457697 0.340249 0.290888 0.28168 0.302757 0.370507 0.508396 0.675227 0.796156 0.864792 0.896316 0.90041 0.878636 0.824469 0.723591 0.567796 0.407546 0.315276 0.280538 0.279997 0.315133 0.411935 0.578667 0.734357 0.831548 0.881029 0.897585 0.888132 0.852465 0.784311 0.673408 0.518482 0.35887 0.248134 0.207775 0.324848 1 
1 0.324964 0.207706 0.247545 0.357434 0.516992 0.673673 0.787316 0.859202 0.900552 0.919423 0.919157 0.898357 0.850172 0.761659 0.622073 0.463558 0.359416 0.316242 0.313262 0.348128 0.439558 0.590478 0.735101 0.830288 0.882741 0.905083 0.90361 0.877936 0.821251 0.721967 0.579239 0.440941 0.358501 0.327158 0.334671 0.388946 0.508475 0.666704 0.792882 0.872481 0.919646 0.947394 0.963907 0.973985 0.980381 0.98462 0.987502 0.98941 0.990515 0.99088 0.990521 0.989425 0.987529 0.98467 0.980469 0.97414 0.964179 0.947868 0.920472 0.873918 0.795326 0.670442 0.512495 0.39153 0.335821 0.327089 0.356794 0.436818 0.573441 0.717389 0.818682 0.876999 0.904016 0.906854 0.886242 0.836273 0.744476 0.602306 0.448114 0.351824 0.314928 0.318432 0.363526 0.468984 0.624978 0.759876 0.843798 0.886762 0.900272 0.889396 0.853065 0.784603 0.673555 0.51855 0.358885 0.248128 0.207766 0.324839 1 
