1 1 1 1 1 1 1 1 1 1 1 1 1 1 1 1 1 1 1 1 1 1 1 1 1 1 1 1 1 1 1 1 1 1 1 1 1 1 1 1 1 1 1 1 1 1 1 1 1 1 1 1 1 1 1 1 1 1 1 1 1 1 1 1 1 1 1 1 1 1 1 1 1 1 1 1 1 1 1 1 1 1 1 1 1 1 1 1 1 1 1 1 1 1 1 1 1 1 1 1 
1 1 1 1 1 1 1 1 1 1 1 1 1 1 0.999999 0.999999 0.999999 0.999998 0.999998 0.999997 0.999996 0.999995 0.999994 0.999993 0.999991 0.999989 0.999986 0.999983 0.99998 0.999976 0.999971 0.999966 0.999959 0.999951 0.999941 0.999929 0.999915 0.999899 0.999881 0.999863 0.999846 0.999829 0.999815 0.999805 0.999799 0.999796 0.999797 0.999799 0.999803 0.999805 0.999806 0.999805 0.999803 0.999799 0.999797 0.999796 0.999799 0.999805 0.999815 0.999829 0.999846 0.999863 0.999881 0.999899 0.999915 0.999929 0.999941 0.999951 0.999959 0.999966 0.999971 0.999976 0.99998 0.999983 0.999986 0.999989 0.999991 0.999993 0.999994 0.999995 0.999996 0.999997 0.999998 0.999998 0.999999 0.999999 0.999999 1 1 1 1 1 1 1 1 1 1 1 1 1 
1 1 1 1 1 1 1 1 1 1 1 0.999999 0.999999 0.999999 0.999999 0.999998 0.999998 0.999997 0.999996 0.999994 0.999992 0.99999 0.999987 0.999984 0.99998 0.999975 0.99997 0.999964 0.999956 0.999947 0.999937 0.999925 0.99991 0.999892 0.999869 0.999843 0.999811 0.999775 0.999736 0.999694 0.999653 0.999615 0.999583 0.99956 0.999546 0.999541 0.999544 0.999551 0.99956 0.999566 0.999569 0.999566 0.99956 0.999551 0.999544 0.999541 0.999546 0.99956 0.999583 0.999615 0.999653 0.999694 0.999736 0.999775 0.999811 0.999843 0.999869 0.999892 0.99991 0.999925 0.999937 0.999947 0.999956 0.999964 0.99997 0.999975 0.99998 0.999984 0.999987 0.99999 0.999992 0.999994 0.999996 0.999997 0.999998 0.999998 0.999999 0.999999 0.999999 0.999999 1 1 1 1 1 1 1 1 1 1 
1 1 1 1 1 1 1 1 1 1 0.999999 0.999999 0.999999 0.999998 0.999998 0.999997 0.999996 0.999994 0.999992 0.99999 0.999987 0.999983 0.999978 0.999972 0.999965 0.999957 0.999947 0.999936 0.999923 0.999908 0.99989 0.999869 0.999843 0.999811 0.999772 0.999724 0.999668 0.999602 0.999529 0.999452 0.999375 0.999304 0.999244 0.999201 0.999177 0.999171 0.99918 0.999197 0.999216 0.99923 0.999235 0.99923 0.999216 0.999197 0.99918 0.999171 0.999177 0.999201 0.999244 0.999304 0.999375 0.999452 0.999529 0.999602 0.999668 0.999724 0.999772 0.999811 0.999843 0.999869 0.99989 0.999908 0.999923 0.999936 0.999947 0.999957 0.999965 0.999972 0.999978 0.999983 0.999987 0.99999 0.999992 0.999994 0.999996 0.999997 0.999998 0.999998 0.999999 0.999999 0.999999 1 1 1 1 1 1 1 1 1 
1 1 1 1 1 1 1 1 1 0.999999 0.999999 0.999999 0.999998 0.999997 0.999996 0.999995 0.999993 0.999991 0.999988 0.999984 0.999979 0.999973 0.999965 0.999955 0.999943 0.99993 0.999914 0.999895 0.999874 0.999849 0.99982 0.999786 0.999744 0.999693 0.999629 0.99955 0.999455 0.999342 0.999216 0.99908 0.998943 0.998816 0.99871 0.998635 0.998596 0.998591 0.998613 0.998652 0.998693 0.998723 0.998734 0.998723 0.998693 0.998652 0.998613 0.998591 0.998596 0.998635 0.99871 0.998816 0.998943 0.99908 0.999216 0.999342 0.999455 0.99955 0.999629 0.999693 0.999744 0.999786 0.99982 0.999849 0.999874 0.999895 0.999914 0.99993 0.999943 0.999955 0.999965 0.999973 0.999979 0.999984 0.999988 0.999991 0.999993 0.999995 0.999996 0.999997 0.999998 0.999999 0.999999 0.999999 1 1 1 1 1 1 1 1 
1 1 1 1 1 1 1 0.999999 0.999999 0.999999 0.999999 0.999998 0.999997 0.999996 0.999995 0.999993 0.99999 0.999987 0.999982 0.999976 0.999968 0.999958 0.999945 0.999929 0.99991 0.999888 0.999862 0.999832 0.999798 0.999759 0.999714 0.99966 0.999595 0.999515 0.999413 0.999286 0.999129 0.998942 0.998726 0.998491 0.998251 0.998027 0.99784 0.997711 0.997648 0.997651 0.997706 0.997789 0.997874 0.997936 0.997959 0.997936 0.997874 0.997789 0.997706 0.997651 0.997648 0.997711 0.99784 0.998027 0.998251 0.998491 0.998726 0.998942 0.999129 0.999286 0.999413 0.999515 0.999595 0.99966 0.999714 0.999759 0.999798 0.999832 0.999862 0.999888 0.99991 0.999929 0.999945 0.999958 0.999968 0.999976 0.999982 0.999987 0.99999 0.999993 0.999995 0.999996 0.999997 0.999998 0.999999 0.999999 0.999999 0.999999 1 1 1 1 1 1 
1 1 1 1 1 1 0.999999 0.999999 0.999999 0.999999 0.999998 0.999997 0.999996 0.999994 0.999992 0.999989 0.999985 0.99998 0.999973 0.999963 0.999951 0.999935 0.999915 0.99989 0.99986 0.999824 0.999782 0.999734 0.99968 0.999619 0.999549 0.999467 0.999367 0.999243 0.999085 0.998884 0.99863 0.998319 0.997954 0.997549 0.997129 0.996733 0.996403 0.996177 0.996079 0.996106 0.996231 0.996407 0.996582 0.996708 0.996754 0.996708 0.996582 0.996407 0.996231 0.996106 0.996079 0.996177 0.996403 0.996733 0.997129 0.997549 0.997954 0.998319 0.99863 0.998884 0.999085 0.999243 0.999367 0.999467 0.999549 0.999619 0.99968 0.999734 0.999782 0.999824 0.99986 0.99989 0.999915 0.999935 0.999951 0.999963 0.999973 0.99998 0.999985 0.999989 0.999992 0.999994 0.999996 0.999997 0.999998 0.999999 0.999999 0.999999 0.999999 1 1 1 1 1 
1 1 1 1 1 0.999999 0.999999 0.999999 0.999999 0.999998 0.999997 0.999996 0.999994 0.999992 0.999989 0.999984 0.999978 0.99997 0.999959 0.999945 0.999926 0.999901 0.999869 0.99983 0.999782 0.999724 0.999657 0.99958 0.999494 0.999398 0.99929 0.999165 0.999015 0.998828 0.998586 0.998271 0.997865 0.997354 0.99674 0.996041 0.995304 0.994598 0.994008 0.993613 0.99346 0.993547 0.993819 0.994185 0.99454 0.994794 0.994885 0.994794 0.99454 0.994185 0.993819 0.993547 0.99346 0.993613 0.994008 0.994598 0.995304 0.996041 0.99674 0.997354 0.997865 0.998271 0.998586 0.998828 0.999015 0.999165 0.99929 0.999398 0.999494 0.99958 0.999657 0.999724 0.999782 0.99983 0.999869 0.999901 0.999926 0.999945 0.999959 0.99997 0.999978 0.999984 0.999989 0.999992 0.999994 0.999996 0.999997 0.999998 0.999999 0.999999 0.999999 0.999999 1 1 1 1 
1 1 1 1 1 0.999999 0.999999 0.999999 0.999998 0.999997 0.999996 0.999994 0.999992 0.999988 0.999984 0.999977 0.999969 0.999957 0.99994 0.999918 0.999889 0.99985 0.999801 0.999738 0.999661 0.999569 0.99946 0.999336 0.999199 0.999047 0.99888 0.998692 0.99847 0.998192 0.997829 0.997344 0.996701 0.995869 0.994839 0.993636 0.992336 0.991068 0.99 0.989294 0.989055 0.989282 0.989863 0.990613 0.991327 0.991831 0.992012 0.991831 0.991327 0.990613 0.989863 0.989282 0.989055 0.989294 0.99 0.991068 0.992336 0.993636 0.994839 0.995869 0.996701 0.997344 0.997829 0.998192 0.99847 0.998692 0.99888 0.999047 0.999199 0.999336 0.99946 0.999569 0.999661 0.999738 0.999801 0.99985 0.999889 0.999918 0.99994 0.999957 0.999969 0.999977 0.999984 0.999988 0.999992 0.999994 0.999996 0.999997 0.999998 0.999999 0.999999 0.999999 1 1 1 1 
1 1 1 1 0.999999 0.999999 0.999999 0.999998 0.999997 0.999996 0.999994 0.999992 0.999988 0.999983 0.999977 0.999968 0.999955 0.999937 0.999913 0.999879 0.999835 0.999776 0.999698 0.9996 0.999476 0.999327 0.999151 0.99895 0.998728 0.998488 0.998229 0.997947 0.997621 0.997217 0.996684 0.995953 0.994952 0.993611 0.991893 0.989823 0.98752 0.985222 0.983259 0.981976 0.981601 0.98214 0.983362 0.984886 0.986307 0.987296 0.987649 0.987296 0.986307 0.984886 0.983362 0.98214 0.981601 0.981976 0.983259 0.985222 0.98752 0.989823 0.991893 0.993611 0.994952 0.995953 0.996684 0.997217 0.997621 0.997947 0.998229 0.998488 0.998728 0.99895 0.999151 0.999327 0.999476 0.9996 0.999698 0.999776 0.999835 0.999879 0.999913 0.999937 0.999955 0.999968 0.999977 0.999983 0.999988 0.999992 0.999994 0.999996 0.999997 0.999998 0.999999 0.999999 0.999999 1 1 1 
1 1 1 0.999999 0.999999 0.999999 0.999998 0.999997 0.999996 0.999994 0.999992 0.999988 0.999983 0.999976 0.999967 0.999954 0.999935 0.999909 0.999873 0.999824 0.999756 0.999666 0.999546 0.99939 0.999194 0.998953 0.998666 0.998338 0.997976 0.99759 0.997187 0.996763 0.996293 0.995722 0.99496 0.993887 0.992357 0.990226 0.987388 0.983837 0.979747 0.975538 0.97187 0.969481 0.968885 0.970109 0.972658 0.975735 0.978538 0.980458 0.981136 0.980458 0.978538 0.975735 0.972658 0.970109 0.968885 0.969481 0.97187 0.975538 0.979747 0.983837 0.987388 0.990226 0.992357 0.993887 0.99496 0.995722 0.996293 0.996763 0.997187 0.99759 0.997976 0.998338 0.998666 0.998953 0.999194 0.99939 0.999546 0.999666 0.999756 0.999824 0.999873 0.999909 0.999935 0.999954 0.999967 0.999976 0.999983 0.999988 0.999992 0.999994 0.999996 0.999997 0.999998 0.999999 0.999999 0.999999 1 1 
1 1 0.999999 0.999999 0.999999 0.999998 0.999997 0.999996 0.999994 0.999992 0.999988 0.999983 0.999976 0.999967 0.999953 0.999934 0.999907 0.99987 0.999817 0.999744 0.999644 0.999506 0.999322 0.999078 0.998766 0.998376 0.997908 0.997367 0.99677 0.996142 0.995506 0.994868 0.9942 0.993418 0.992373 0.99085 0.988576 0.985257 0.980629 0.974576 0.9673 0.959516 0.952534 0.947967 0.947003 0.949722 0.955024 0.961207 0.966681 0.970351 0.971633 0.970351 0.966681 0.961207 0.955024 0.949722 0.947003 0.947967 0.952534 0.959516 0.9673 0.974576 0.980629 0.985257 0.988576 0.99085 0.992373 0.993418 0.9942 0.994868 0.995506 0.996142 0.99677 0.997367 0.997908 0.998376 0.998766 0.999078 0.999322 0.999506 0.999644 0.999744 0.999817 0.99987 0.999907 0.999934 0.999953 0.999967 0.999976 0.999983 0.999988 0.999992 0.999994 0.999996 0.999997 0.999998 0.999999 0.999999 1 1 
1 1 0.999999 0.999999 0.999998 0.999997 0.999996 0.999994 0.999992 0.999988 0.999983 0.999976 0.999967 0.999953 0.999934 0.999907 0.999869 0.999815 0.999739 0.999633 0.999484 0.999278 0.998996 0.998618 0.998123 0.997495 0.996727 0.995829 0.994834 0.993794 0.992771 0.991802 0.990866 0.989843 0.98849 0.986432 0.983177 0.978145 0.970744 0.960547 0.947633 0.933112 0.919559 0.910571 0.908968 0.914963 0.92601 0.938379 0.948935 0.955815 0.958183 0.955815 0.948935 0.938379 0.92601 0.914963 0.908968 0.910571 0.919559 0.933112 0.947633 0.960547 0.970744 0.978145 0.983177 0.986432 0.98849 0.989843 0.990866 0.991802 0.992771 0.993794 0.994834 0.995829 0.996727 0.997495 0.998123 0.998618 0.998996 0.999278 0.999484 0.999633 0.999739 0.999815 0.999869 0.999907 0.999934 0.999953 0.999967 0.999976 0.999983 0.999988 0.999992 0.999994 0.999996 0.999997 0.999998 0.999999 1 1 
1 1 0.999999 0.999998 0.999997 0.999996 0.999994 0.999992 0.999988 0.999983 0.999976 0.999967 0.999953 0.999934 0.999907 0.999868 0.999815 0.999739 0.999631 0.999477 0.99926 0.998954 0.998529 0.997948 0.997171 0.996162 0.994903 0.993404 0.991723 0.989969 0.988282 0.986782 0.985487 0.984237 0.98264 0.980063 0.975645 0.968305 0.956806 0.939965 0.91725 0.890046 0.863293 0.845159 0.842422 0.855579 0.878596 0.90315 0.92313 0.935684 0.93992 0.935684 0.92313 0.90315 0.878596 0.855579 0.842422 0.845159 0.863293 0.890046 0.91725 0.939965 0.956806 0.968305 0.975645 0.980063 0.98264 0.984237 0.985487 0.986782 0.988282 0.989969 0.991723 0.993404 0.994903 0.996162 0.997171 0.997948 0.998529 0.998954 0.99926 0.999477 0.999631 0.999739 0.999815 0.999868 0.999907 0.999934 0.999953 0.999967 0.999976 0.999983 0.999988 0.999992 0.999994 0.999996 0.999998 0.999999 0.999999 1 
1 0.999999 0.999999 0.999998 0.999996 0.999995 0.999992 0.999989 0.999984 0.999977 0.999967 0.999953 0.999934 0.999907 0.999869 0.999815 0.99974 0.999633 0.99948 0.999262 0.99895 0.998504 0.997872 0.996989 0.995781 0.994173 0.992113 0.989602 0.986732 0.983712 0.980851 0.97846 0.97668 0.975317 0.973749 0.970927 0.965396 0.955264 0.938144 0.91125 0.872203 0.821765 0.769172 0.732892 0.728253 0.756125 0.803012 0.850651 0.887277 0.909261 0.9165 0.909261 0.887277 0.850651 0.803012 0.756125 0.728253 0.732892 0.769172 0.821765 0.872203 0.91125 0.938144 0.955264 0.965396 0.970927 0.973749 0.975317 0.97668 0.97846 0.980851 0.983712 0.986732 0.989602 0.992113 0.994173 0.995781 0.996989 0.997872 0.998504 0.99895 0.999262 0.99948 0.999633 0.99974 0.999815 0.999869 0.999907 0.999934 0.999953 0.999967 0.999977 0.999984 0.999989 0.999992 0.999995 0.999997 0.999998 0.999999 1 
1 0.999999 0.999998 0.999997 0.999995 0.999993 0.999989 0.999984 0.999977 0.999968 0.999954 0.999934 0.999907 0.999868 0.999815 0.99974 0.999635 0.999487 0.999274 0.998969 0.998528 0.997888 0.996966 0.995647 0.993795 0.991258 0.987908 0.983699 0.978753 0.973452 0.968446 0.964478 0.962017 0.960875 0.96005 0.957807 0.95178 0.938886 0.914963 0.874375 0.810658 0.722107 0.627024 0.563766 0.557014 0.606801 0.692104 0.778047 0.841116 0.877223 0.888803 0.877223 0.841116 0.778047 0.692104 0.606801 0.557014 0.563766 0.627024 0.722107 0.810658 0.874375 0.914963 0.938886 0.95178 0.957807 0.96005 0.960875 0.962017 0.964478 0.968446 0.973452 0.978753 0.983699 0.987908 0.991258 0.993795 0.995647 0.996966 0.997888 0.998528 0.998969 0.999274 0.999487 0.999635 0.99974 0.999815 0.999868 0.999907 0.999934 0.999954 0.999968 0.999977 0.999984 0.999989 0.999993 0.999995 0.999997 0.999999 1 
1 0.999999 0.999998 0.999996 0.999993 0.99999 0.999985 0.999978 0.999969 0.999955 0.999935 0.999907 0.999869 0.999815 0.99974 0.999635 0.99949 0.999284 0.998992 0.998571 0.997958 0.997061 0.995742 0.993814 0.991029 0.987092 0.981705 0.974676 0.966105 0.956629 0.947571 0.940663 0.937185 0.937057 0.938574 0.938798 0.933998 0.919553 0.889094 0.833186 0.739608 0.605729 0.473096 0.398503 0.391823 0.449244 0.563264 0.692652 0.789069 0.842789 0.859662 0.842789 0.789069 0.692652 0.563264 0.449244 0.391823 0.398503 0.473096 0.605729 0.739608 0.833186 0.889094 0.919553 0.933998 0.938798 0.938574 0.937057 0.937185 0.940663 0.947571 0.956629 0.966105 0.974676 0.981705 0.987092 0.991029 0.993814 0.995742 0.997061 0.997958 0.998571 0.998992 0.999284 0.99949 0.999635 0.99974 0.999815 0.999869 0.999907 0.999935 0.999955 0.999969 0.999979 0.999985 0.99999 0.999994 0.999996 0.999998 1 
1 0.999998 0.999997 0.999994 0.999991 0.999987 0.99998 0.99997 0.999957 0.999937 0.999909 0.99987 0.999815 0.999739 0.999633 0.999487 0.999284 0.999001 0.998602 0.99803 0.997196 0.995965 0.99413 0.991385 0.987303 0.98133 0.972821 0.961204 0.946341 0.929148 0.912229 0.899571 0.894446 0.897098 0.904326 0.910869 0.910877 0.898024 0.864031 0.796327 0.678957 0.516339 0.378457 0.312854 0.306769 0.354019 0.464455 0.617084 0.741839 0.812021 0.833903 0.812021 0.741839 0.617084 0.464455 0.354019 0.306769 0.312854 0.378457 0.516339 0.678957 0.796327 0.864031 0.898024 0.910877 0.910869 0.904326 0.897098 0.894446 0.899571 0.912229 0.929148 0.946341 0.961204 0.972821 0.98133 0.987303 0.991385 0.99413 0.995965 0.997196 0.99803 0.998602 0.999001 0.999284 0.999487 0.999633 0.999739 0.999815 0.99987 0.999909 0.999937 0.999957 0.99997 0.99998 0.999987 0.999992 0.999995 0.999998 1 
1 0.999998 0.999996 0.999992 0.999988 0.999982 0.999973 0.999959 0.99994 0.999913 0.999873 0.999817 0.999739 0.999631 0.99948 0.999274 0.998992 0.998602 0.998059 0.99729 0.996178 0.994533 0.992054 0.988272 0.982487 0.973705 0.960626 0.941809 0.916251 0.884812 0.852394 0.828194 0.820261 0.82949 0.849233 0.869398 0.880588 0.87487 0.843302 0.772573 0.646741 0.477806 0.34638 0.287388 0.279952 0.317231 0.415451 0.571558 0.711293 0.7918 0.816943 0.7918 0.711293 0.571558 0.415451 0.317231 0.279952 0.287388 0.34638 0.477806 0.646741 0.772573 0.843302 0.87487 0.880588 0.869398 0.849233 0.82949 0.820261 0.828194 0.852394 0.884812 0.916251 0.941809 0.960626 0.973705 0.982487 0.988272 0.992054 0.994533 0.996178 0.99729 0.998059 0.998602 0.998992 0.999274 0.999481 0.999631 0.999739 0.999817 0.999873 0.999913 0.99994 0.99996 0.999973 0.999982 0.999989 0.999993 0.999997 1 
1 0.999997 0.999994 0.99999 0.999984 0.999976 0.999963 0.999945 0.999918 0.999879 0.999824 0.999744 0.999633 0.999477 0.999262 0.998969 0.998571 0.99803 0.99729 0.996264 0.994804 0.992662 0.989427 0.984421 0.976564 0.964197 0.944902 0.915473 0.872597 0.815717 0.75371 0.707601 0.695243 0.717978 0.762246 0.808489 0.840859 0.850066 0.828643 0.765612 0.647482 0.485888 0.355664 0.293706 0.282352 0.315128 0.40856 0.562911 0.704594 0.786929 0.812689 0.786929 0.704594 0.562911 0.40856 0.315128 0.282352 0.293706 0.355664 0.485888 0.647482 0.765612 0.828643 0.850066 0.840859 0.808489 0.762246 0.717978 0.695243 0.707601 0.75371 0.815717 0.872597 0.915473 0.944902 0.964197 0.976564 0.984421 0.989427 0.992662 0.994804 0.996264 0.99729 0.99803 0.998571 0.998969 0.999262 0.999477 0.999633 0.999744 0.999824 0.99988 0.999918 0.999945 0.999963 0.999976 0.999985 0.999991 0.999996 1 
1 0.999996 0.999992 0.999987 0.999979 0.999968 0.999951 0.999926 0.999889 0.999835 0.999756 0.999644 0.999484 0.99926 0.99895 0.998528 0.997958 0.997196 0.996178 0.994804 0.992904 0.990183 0.986116 0.979795 0.969681 0.953242 0.926419 0.883045 0.81511 0.718174 0.609926 0.534685 0.518432 0.558848 0.637863 0.724683 0.790684 0.823628 0.819878 0.773864 0.676471 0.533279 0.400847 0.327645 0.309926 0.343699 0.441465 0.592083 0.723256 0.798513 0.822063 0.798513 0.723256 0.592083 0.441465 0.343699 0.309926 0.327645 0.400847 0.533279 0.676471 0.773864 0.819878 0.823628 0.790684 0.724683 0.637863 0.558848 0.518432 0.534685 0.609926 0.718174 0.81511 0.883045 0.926419 0.953242 0.969681 0.979795 0.986116 0.990183 0.992904 0.994804 0.996178 0.997196 0.997958 0.998528 0.99895 0.99926 0.999484 0.999644 0.999756 0.999835 0.999889 0.999926 0.999951 0.999968 0.99998 0.999988 0.999995 1 
1 0.999995 0.99999 0.999983 0.999973 0.999958 0.999935 0.999901 0.99985 0.999776 0.999666 0.999506 0.999278 0.998954 0.998504 0.997888 0.997061 0.995965 0.994533 0.992662 0.990183 0.986778 0.981847 0.974281 0.962088 0.941801 0.907481 0.849266 0.752968 0.611396 0.465725 0.382307 0.36733 0.409345 0.50353 0.627647 0.734186 0.797217 0.816119 0.79272 0.724537 0.613441 0.491092 0.407944 0.383511 0.421067 0.522455 0.65619 0.762966 0.823515 0.842575 0.823515 0.762966 0.65619 0.522455 0.421067 0.383511 0.407944 0.491092 0.613441 0.724537 0.79272 0.816119 0.797217 0.734186 0.627647 0.50353 0.409345 0.36733 0.382307 0.465725 0.611396 0.752968 0.849266 0.907481 0.941801 0.962088 0.974281 0.981847 0.986778 0.990183 0.992662 0.994533 0.995965 0.997061 0.997888 0.998504 0.998954 0.999278 0.999506 0.999666 0.999776 0.999851 0.999901 0.999935 0.999958 0.999974 0.999985 0.999993 1 
1 0.999994 0.999987 0.999978 0.999965 0.999945 0.999915 0.999869 0.999801 0.999698 0.999546 0.999322 0.998996 0.998529 0.997872 0.996966 0.995742 0.99413 0.992054 0.989427 0.986116 0.981847 0.976033 0.967468 0.953849 0.930989 0.891471 0.822585 0.706071 0.537999 0.385351 0.310052 0.295743 0.326503 0.408367 0.543528 0.682829 0.775222 0.816939 0.816531 0.778955 0.7084 0.620733 0.549642 0.525709 0.560628 0.643917 0.739451 0.812952 0.855471 0.869117 0.855471 0.812952 0.739451 0.643917 0.560628 0.525709 0.549642 0.620733 0.7084 0.778955 0.816531 0.816939 0.775222 0.682829 0.543528 0.408367 0.326503 0.295743 0.310052 0.385351 0.537999 0.706071 0.822585 0.891471 0.930989 0.953849 0.967468 0.976033 0.981847 0.986116 0.989427 0.992054 0.99413 0.995742 0.996966 0.997872 0.998529 0.998996 0.999322 0.999546 0.999698 0.999801 0.99987 0.999915 0.999946 0.999966 0.999981 0.999991 1 
1 0.999993 0.999984 0.999972 0.999955 0.999929 0.99989 0.99983 0.999738 0.9996 0.99939 0.999078 0.998618 0.997948 0.996989 0.995647 0.993814 0.991385 0.988272 0.984421 0.979795 0.974281 0.967468 0.958259 0.944293 0.921103 0.880745 0.809755 0.689465 0.518638 0.368916 0.295312 0.276561 0.295837 0.362255 0.492981 0.650165 0.763532 0.822755 0.840658 0.827724 0.79173 0.743793 0.702731 0.688808 0.711117 0.760676 0.816161 0.860354 0.88715 0.895994 0.88715 0.860354 0.816161 0.760676 0.711117 0.688808 0.702731 0.743793 0.79173 0.827724 0.840658 0.822755 0.763532 0.650165 0.492981 0.362255 0.295837 0.276561 0.295312 0.368916 0.518638 0.689465 0.809755 0.880745 0.921103 0.944293 0.958259 0.967468 0.974281 0.979795 0.984421 0.988272 0.991385 0.993814 0.995647 0.996989 0.997948 0.998618 0.999079 0.999391 0.9996 0.999739 0.99983 0.999891 0.999931 0.999957 0.999975 0.999989 1 
1 0.999991 0.99998 0.999965 0.999943 0.99991 0.99986 0.999782 0.999661 0.999476 0.999194 0.998766 0.998123 0.997171 0.995781 0.993795 0.991029 0.987303 0.982487 0.976564 0.969681 0.962088 0.953849 0.944293 0.931311 0.910584 0.874544 0.810935 0.70326 0.54791 0.40014 0.316904 0.287682 0.297889 0.356719 0.484329 0.646454 0.767161 0.834379 0.862895 0.865519 0.851399 0.829425 0.810356 0.804622 0.816862 0.842807 0.872599 0.897633 0.913574 0.91898 0.913574 0.897633 0.872599 0.842807 0.816862 0.804622 0.810356 0.829425 0.851399 0.865519 0.862895 0.834379 0.767161 0.646454 0.484329 0.356719 0.297889 0.287682 0.316904 0.40014 0.54791 0.70326 0.810935 0.874544 0.910584 0.931311 0.944293 0.953849 0.962088 0.969681 0.976564 0.982487 0.987303 0.991029 0.993795 0.995781 0.997171 0.998123 0.998766 0.999194 0.999477 0.999662 0.999782 0.999861 0.999912 0.999946 0.999969 0.999986 1 
1 0.999989 0.999975 0.999957 0.99993 0.999888 0.999824 0.999724 0.999569 0.999327 0.998953 0.998376 0.997495 0.996162 0.994173 0.991258 0.987092 0.98133 0.973705 0.964197 0.953242 0.941801 0.930989 0.921103 0.910584 0.895377 0.868578 0.819977 0.736576 0.611678 0.474201 0.377232 0.333174 0.336652 0.39639 0.5242 0.676452 0.787744 0.851733 0.882596 0.892309 0.889306 0.880545 0.87264 0.871071 0.878192 0.892206 0.908633 0.923041 0.932576 0.935879 0.932576 0.923041 0.908633 0.892206 0.878192 0.871071 0.87264 0.880545 0.889306 0.892309 0.882596 0.851733 0.787744 0.676452 0.5242 0.39639 0.336652 0.333174 0.377232 0.474201 0.611678 0.736576 0.819977 0.868578 0.895377 0.910584 0.921103 0.930989 0.941801 0.953242 0.964197 0.973705 0.98133 0.987092 0.991258 0.994173 0.996162 0.997495 0.998376 0.998953 0.999327 0.999569 0.999725 0.999825 0.99989 0.999933 0.999962 0.999983 1 
1 0.999986 0.99997 0.999947 0.999914 0.999862 0.999782 0.999657 0.99946 0.999151 0.998666 0.997908 0.996727 0.994903 0.992113 0.987908 0.981705 0.972821 0.960626 0.944902 0.926419 0.907481 0.891471 0.880745 0.874544 0.868578 0.855845 0.827583 0.77433 0.689896 0.584097 0.489977 0.436588 0.436351 0.497596 0.613182 0.734325 0.821035 0.872521 0.898976 0.909248 0.909937 0.906357 0.903013 0.903214 0.908284 0.917296 0.927836 0.937285 0.943682 0.945929 0.943682 0.937285 0.927836 0.917296 0.908284 0.903214 0.903013 0.906357 0.909937 0.909248 0.898976 0.872521 0.821035 0.734325 0.613182 0.497596 0.436351 0.436588 0.489977 0.584097 0.689896 0.77433 0.827583 0.855845 0.868578 0.874544 0.880745 0.891471 0.907481 0.926419 0.944902 0.960626 0.972821 0.981705 0.987909 0.992113 0.994903 0.996727 0.997908 0.998666 0.999151 0.999461 0.999658 0.999784 0.999865 0.999917 0.999953 0.999979 1 
1 0.999983 0.999964 0.999936 0.999895 0.999832 0.999734 0.99958 0.999336 0.99895 0.998338 0.997367 0.995829 0.993404 0.989602 0.983699 0.974676 0.961204 0.941809 0.915473 0.883045 0.849266 0.822585 0.809755 0.810935 0.819977 0.827583 0.824352 0.802843 0.759461 0.698472 0.636297 0.596133 0.596834 0.64442 0.723112 0.800633 0.857461 0.892402 0.910345 0.916566 0.915753 0.912151 0.909454 0.910213 0.915222 0.923485 0.93292 0.941323 0.947011 0.94901 0.947011 0.941323 0.93292 0.923485 0.915222 0.910213 0.909454 0.912151 0.915753 0.916566 0.910345 0.892402 0.857461 0.800633 0.723112 0.64442 0.596834 0.596133 0.636297 0.698472 0.759461 0.802843 0.824352 0.827583 0.819977 0.810935 0.809755 0.822585 0.849266 0.883045 0.915473 0.941809 0.961204 0.974676 0.983699 0.989602 0.993404 0.995829 0.997367 0.998338 0.998951 0.999337 0.999581 0.999736 0.999835 0.999899 0.999943 0.999974 1 
1 0.99998 0.999956 0.999923 0.999874 0.999798 0.99968 0.999494 0.999199 0.998728 0.997976 0.99677 0.994834 0.991723 0.986732 0.978753 0.966105 0.946341 0.916251 0.872597 0.81511 0.752968 0.706071 0.689465 0.70326 0.736576 0.77433 0.802843 0.814011 0.806269 0.783874 0.756876 0.739113 0.742636 0.770596 0.813574 0.856024 0.887957 0.906984 0.914449 0.913042 0.906206 0.898089 0.892929 0.893647 0.900683 0.912059 0.924624 0.935472 0.942649 0.945141 0.942649 0.935472 0.924624 0.912059 0.900683 0.893647 0.892929 0.898089 0.906206 0.913042 0.914449 0.906984 0.887957 0.856024 0.813574 0.770596 0.742636 0.739113 0.756876 0.783874 0.806269 0.814011 0.802843 0.77433 0.736576 0.70326 0.689465 0.706071 0.752968 0.81511 0.872597 0.916251 0.946341 0.966105 0.978753 0.986732 0.991723 0.994834 0.99677 0.997976 0.998729 0.9992 0.999495 0.999682 0.999802 0.999879 0.999931 0.999969 1 
1 0.999976 0.999947 0.999908 0.999849 0.999759 0.999619 0.999398 0.999047 0.998488 0.99759 0.996142 0.993794 0.989969 0.983712 0.973452 0.956629 0.929148 0.884812 0.815717 0.718174 0.611396 0.537999 0.518638 0.54791 0.611678 0.689896 0.759461 0.806269 0.829606 0.835621 0.833013 0.830988 0.836703 0.852269 0.87377 0.894302 0.908421 0.913522 0.909065 0.896056 0.877458 0.858836 0.847239 0.847666 0.8602 0.880279 0.901611 0.919239 0.9305 0.934337 0.9305 0.919239 0.901611 0.880279 0.8602 0.847666 0.847239 0.858836 0.877458 0.896056 0.909065 0.913522 0.908421 0.894302 0.87377 0.852269 0.836703 0.830988 0.833013 0.835621 0.829606 0.806269 0.759461 0.689896 0.611678 0.54791 0.518638 0.537999 0.611396 0.718174 0.815717 0.884812 0.929148 0.956629 0.973452 0.983712 0.989969 0.993795 0.996142 0.99759 0.998488 0.999048 0.9994 0.999622 0.999763 0.999855 0.999918 0.999963 1 
1 0.999971 0.999937 0.99989 0.99982 0.999714 0.999549 0.99929 0.99888 0.998229 0.997187 0.995506 0.992771 0.988282 0.980851 0.968446 0.947571 0.912229 0.852394 0.75371 0.609926 0.465725 0.385351 0.368916 0.40014 0.474201 0.584097 0.698472 0.783874 0.835621 0.862963 0.876208 0.883683 0.890949 0.900138 0.910016 0.917349 0.918668 0.91109 0.892459 0.861955 0.822285 0.782907 0.758226 0.758413 0.782951 0.821563 0.860861 0.891688 0.910554 0.916835 0.910554 0.891688 0.860861 0.821563 0.782951 0.758413 0.758226 0.782907 0.822285 0.861955 0.892459 0.91109 0.918668 0.917349 0.910016 0.900138 0.890949 0.883683 0.876208 0.862963 0.835621 0.783874 0.698472 0.584097 0.474201 0.40014 0.368916 0.385351 0.465725 0.609926 0.75371 0.852394 0.912229 0.947571 0.968446 0.980851 0.988282 0.992771 0.995506 0.997188 0.99823 0.998882 0.999292 0.999552 0.999719 0.999828 0.999902 0.999955 1 
1 0.999966 0.999925 0.999869 0.999786 0.99966 0.999467 0.999165 0.998692 0.997947 0.996763 0.994868 0.991802 0.986782 0.97846 0.964478 0.940663 0.899571 0.828194 0.707601 0.534685 0.382307 0.310052 0.295312 0.316904 0.377232 0.489977 0.636297 0.756876 0.833013 0.876208 0.899737 0.912853 0.921093 0.9269 0.930182 0.929034 0.920414 0.900406 0.864304 0.807847 0.732781 0.657458 0.611362 0.611758 0.656839 0.728329 0.799499 0.852605 0.883613 0.89367 0.883613 0.852605 0.799499 0.728329 0.656839 0.611758 0.611362 0.657458 0.732781 0.807847 0.864304 0.900406 0.920414 0.929034 0.930182 0.9269 0.921093 0.912853 0.899737 0.876208 0.833013 0.756876 0.636297 0.489977 0.377232 0.316904 0.295312 0.310052 0.382307 0.534685 0.707601 0.828194 0.899571 0.940663 0.964478 0.97846 0.986782 0.991802 0.994869 0.996764 0.997948 0.998694 0.999167 0.99947 0.999666 0.999795 0.999883 0.999947 1 
1 0.999959 0.99991 0.999843 0.999744 0.999595 0.999367 0.999015 0.99847 0.997621 0.996293 0.9942 0.990866 0.985487 0.97668 0.962017 0.937185 0.894446 0.820261 0.695243 0.518432 0.36733 0.295743 0.276561 0.287682 0.333174 0.436588 0.596133 0.739113 0.830988 0.883683 0.912853 0.928772 0.937238 0.940902 0.940047 0.933017 0.916293 0.884105 0.827834 0.737568 0.61521 0.500486 0.438889 0.439769 0.499797 0.60648 0.720653 0.804967 0.852415 0.867437 0.852415 0.804967 0.720653 0.60648 0.499797 0.439769 0.438889 0.500486 0.61521 0.737568 0.827834 0.884105 0.916293 0.933017 0.940047 0.940902 0.937238 0.928772 0.912853 0.883683 0.830988 0.739113 0.596133 0.436588 0.333174 0.287682 0.276561 0.295743 0.36733 0.518432 0.695243 0.820261 0.894446 0.937185 0.962017 0.97668 0.985488 0.990866 0.9942 0.996294 0.997622 0.998471 0.999018 0.999372 0.999602 0.999755 0.999859 0.999936 1 
1 0.999951 0.999892 0.999811 0.999693 0.999515 0.999243 0.998828 0.998192 0.997217 0.995722 0.993418 0.989843 0.984237 0.975317 0.960875 0.937057 0.897098 0.82949 0.717978 0.558848 0.409345 0.326503 0.295837 0.297889 0.336652 0.436351 0.596834 0.742636 0.836703 0.890949 0.921093 0.937238 0.94499 0.946913 0.943268 0.932196 0.909361 0.866915 0.792086 0.670007 0.511033 0.385359 0.328922 0.329065 0.381983 0.495169 0.641768 0.757657 0.822478 0.84271 0.822478 0.757657 0.641768 0.495169 0.381983 0.329065 0.328922 0.385359 0.511033 0.670007 0.792086 0.866915 0.909361 0.932196 0.943268 0.946913 0.94499 0.937238 0.921093 0.890949 0.836703 0.742636 0.596834 0.436351 0.336652 0.297889 0.295837 0.326503 0.409345 0.558848 0.717978 0.82949 0.897098 0.937057 0.960875 0.975317 0.984237 0.989844 0.993418 0.995722 0.997218 0.998194 0.998831 0.999248 0.999523 0.999705 0.999831 0.999923 1 
1 0.999941 0.999869 0.999772 0.999629 0.999413 0.999085 0.998586 0.997829 0.996684 0.99496 0.992373 0.98849 0.98264 0.973749 0.96005 0.938574 0.904326 0.849233 0.762246 0.637863 0.50353 0.408367 0.362255 0.356719 0.39639 0.497596 0.64442 0.770596 0.852269 0.900138 0.9269 0.940902 0.946913 0.947138 0.941659 0.928351 0.902244 0.85411 0.768708 0.629558 0.457507 0.336864 0.286922 0.28469 0.326114 0.42892 0.586678 0.723427 0.801083 0.825227 0.801083 0.723427 0.586678 0.42892 0.326114 0.28469 0.286922 0.336864 0.457507 0.629558 0.768708 0.85411 0.902244 0.928351 0.941659 0.947138 0.946913 0.940902 0.9269 0.900138 0.852269 0.770596 0.64442 0.497596 0.39639 0.356719 0.362255 0.408367 0.50353 0.637863 0.762246 0.849233 0.904326 0.938574 0.96005 0.973749 0.98264 0.98849 0.992374 0.994961 0.996685 0.997831 0.99859 0.999091 0.999423 0.999644 0.999796 0.999907 1 
1 0.999929 0.999843 0.999724 0.99955 0.999286 0.998884 0.998271 0.997344 0.995953 0.993887 0.99085 0.986432 0.980063 0.970927 0.957807 0.938798 0.910869 0.869398 0.808489 0.724683 0.627647 0.543528 0.492981 0.484329 0.5242 0.613182 0.723112 0.813574 0.87377 0.910016 0.930182 0.940047 0.943268 0.941659 0.935187 0.921631 0.895864 0.848491 0.7643 0.627232 0.457774 0.337362 0.285148 0.27872 0.314047 0.410814 0.569593 0.712554 0.794389 0.819818 0.794389 0.712554 0.569593 0.410814 0.314047 0.27872 0.285148 0.337362 0.457774 0.627232 0.7643 0.848491 0.895864 0.921631 0.935187 0.941659 0.943268 0.940047 0.930182 0.910016 0.87377 0.813574 0.723112 0.613182 0.5242 0.484329 0.492981 0.543528 0.627647 0.724683 0.808489 0.869398 0.910869 0.938798 0.957807 0.970927 0.980063 0.986433 0.99085 0.993888 0.995955 0.997347 0.998276 0.998891 0.999297 0.999568 0.999753 0.999888 1 
1 0.999915 0.999811 0.999668 0.999455 0.999129 0.99863 0.997865 0.996701 0.994952 0.992357 0.988576 0.983177 0.975645 0.965396 0.95178 0.933998 0.910877 0.880588 0.840859 0.790684 0.734186 0.682829 0.650165 0.646454 0.676452 0.734325 0.800633 0.856024 0.894302 0.917349 0.929034 0.933017 0.932196 0.928351 0.921631 0.909965 0.888453 0.848516 0.776958 0.659303 0.505477 0.379956 0.316667 0.304178 0.33997 0.440162 0.595268 0.728976 0.804761 0.828324 0.804761 0.728976 0.595268 0.440162 0.33997 0.304178 0.316667 0.379956 0.505477 0.659303 0.776958 0.848516 0.888453 0.909965 0.921631 0.928351 0.932196 0.933017 0.929034 0.917349 0.894302 0.856024 0.800633 0.734325 0.676452 0.646454 0.650165 0.682829 0.734186 0.790684 0.840859 0.880588 0.910877 0.933998 0.95178 0.965396 0.975645 0.983178 0.988577 0.992358 0.994954 0.996704 0.99787 0.998638 0.999143 0.999476 0.999701 0.999865 1 
1 0.999899 0.999775 0.999602 0.999342 0.998942 0.998319 0.997354 0.995869 0.993611 0.990226 0.985257 0.978145 0.968305 0.955264 0.938886 0.919553 0.898024 0.87487 0.850066 0.823628 0.797217 0.775222 0.763532 0.767161 0.787744 0.821035 0.857461 0.887957 0.908421 0.918668 0.920414 0.916293 0.909361 0.902244 0.895864 0.888453 0.875256 0.848585 0.797989 0.712275 0.591945 0.473131 0.398987 0.380409 0.420439 0.523888 0.660402 0.768653 0.829559 0.848648 0.829559 0.768653 0.660402 0.523888 0.420439 0.380409 0.398987 0.473131 0.591945 0.712275 0.797989 0.848585 0.875256 0.888453 0.895864 0.902244 0.909361 0.916293 0.920414 0.918668 0.908421 0.887957 0.857461 0.821035 0.787744 0.767161 0.763532 0.775222 0.797217 0.823628 0.850066 0.87487 0.898024 0.919552 0.938886 0.955264 0.968305 0.978145 0.985257 0.990228 0.993613 0.995873 0.99736 0.998329 0.998957 0.999367 0.999642 0.999838 1 
1 0.999881 0.999736 0.999529 0.999216 0.998726 0.997954 0.99674 0.994839 0.991893 0.987388 0.980629 0.970744 0.956806 0.938144 0.914963 0.889094 0.864031 0.843302 0.828643 0.819878 0.816119 0.816939 0.822755 0.834379 0.851733 0.872521 0.892402 0.906984 0.913522 0.91109 0.900406 0.884105 0.866915 0.85411 0.848491 0.848516 0.848585 0.840601 0.815801 0.766799 0.692535 0.608636 0.545618 0.528086 0.565898 0.650113 0.74607 0.819638 0.862047 0.875629 0.862047 0.819638 0.74607 0.650113 0.565898 0.528086 0.545618 0.608636 0.692535 0.766799 0.815801 0.840601 0.848585 0.848516 0.848491 0.85411 0.866915 0.884105 0.900406 0.91109 0.913522 0.906984 0.892402 0.872521 0.851733 0.834379 0.822755 0.816939 0.816119 0.819878 0.828643 0.843302 0.864031 0.889094 0.914963 0.938144 0.956806 0.970744 0.980629 0.98739 0.991895 0.994843 0.996746 0.997965 0.998743 0.999244 0.999575 0.999809 1 
1 0.999863 0.999694 0.999452 0.99908 0.998491 0.997549 0.996041 0.993636 0.989823 0.983837 0.974576 0.960547 0.939965 0.91125 0.874375 0.833186 0.796327 0.772573 0.765612 0.773864 0.79272 0.816531 0.840658 0.862895 0.882596 0.898976 0.910345 0.914449 0.909065 0.892459 0.864304 0.827834 0.792086 0.768708 0.7643 0.776958 0.797989 0.815801 0.820412 0.806497 0.774692 0.733872 0.701008 0.693457 0.718879 0.769181 0.824496 0.868314 0.894799 0.903525 0.894799 0.868314 0.824496 0.769181 0.718879 0.693457 0.701008 0.733872 0.774692 0.806497 0.820412 0.815801 0.797989 0.776958 0.7643 0.768708 0.792086 0.827834 0.864304 0.892459 0.909065 0.914449 0.910345 0.898976 0.882596 0.862895 0.840658 0.816532 0.792721 0.773864 0.765612 0.772572 0.796327 0.833186 0.874375 0.91125 0.939965 0.960547 0.974577 0.983839 0.989826 0.99364 0.996049 0.997561 0.99851 0.999112 0.999504 0.999778 1 
1 0.999846 0.999653 0.999375 0.998943 0.998251 0.997129 0.995304 0.992336 0.98752 0.979747 0.9673 0.947633 0.91725 0.872203 0.810658 0.739608 0.678957 0.646741 0.647482 0.676471 0.724537 0.778955 0.827724 0.865519 0.892309 0.909248 0.916566 0.913042 0.896056 0.861955 0.807847 0.737568 0.670007 0.629558 0.627232 0.659303 0.712275 0.766799 0.806497 0.825583 0.82672 0.817534 0.808581 0.809803 0.82576 0.853019 0.882871 0.907523 0.923085 0.928341 0.923085 0.907523 0.882871 0.853019 0.82576 0.809803 0.808581 0.817534 0.82672 0.825583 0.806497 0.766799 0.712275 0.659303 0.627232 0.629558 0.670007 0.737568 0.807847 0.861955 0.896056 0.913042 0.916566 0.909249 0.892309 0.865519 0.827724 0.778955 0.724537 0.676471 0.647482 0.646741 0.678956 0.739607 0.810657 0.872202 0.91725 0.947633 0.967301 0.979749 0.987523 0.992341 0.995312 0.997143 0.998273 0.998979 0.999433 0.999748 1 
1 0.999829 0.999615 0.999304 0.998816 0.998027 0.996733 0.994598 0.991068 0.985222 0.975538 0.959516 0.933112 0.890046 0.821765 0.722107 0.605729 0.516339 0.477806 0.485888 0.533279 0.613441 0.7084 0.79173 0.851399 0.889306 0.909937 0.915753 0.906206 0.877458 0.822285 0.732781 0.61521 0.511033 0.457507 0.457774 0.505477 0.591945 0.692535 0.774692 0.82672 0.853973 0.865968 0.871874 0.878819 0.890384 0.906033 0.922508 0.936335 0.945289 0.948363 0.945289 0.936335 0.922508 0.906033 0.890384 0.878819 0.871874 0.865968 0.853973 0.82672 0.774692 0.692535 0.591945 0.505477 0.457774 0.457507 0.511033 0.61521 0.732781 0.822285 0.877458 0.906206 0.915753 0.909938 0.889306 0.851399 0.79173 0.7084 0.613441 0.533279 0.485888 0.477805 0.516338 0.605727 0.722106 0.821764 0.890045 0.933112 0.959517 0.97554 0.985225 0.991073 0.994607 0.996747 0.998051 0.998855 0.999367 0.999719 1 
1 0.999815 0.999583 0.999244 0.99871 0.99784 0.996403 0.994008 0.99 0.983259 0.97187 0.952534 0.919559 0.863293 0.769172 0.627024 0.473096 0.378457 0.34638 0.355664 0.400847 0.491092 0.620733 0.743793 0.829425 0.880545 0.906357 0.912151 0.898089 0.858836 0.782907 0.657458 0.500486 0.385359 0.336864 0.337362 0.379956 0.473131 0.608636 0.733872 0.817534 0.865968 0.892517 0.907668 0.918361 0.92833 0.938594 0.948407 0.956459 0.961685 0.963487 0.961685 0.956459 0.948407 0.938594 0.92833 0.918361 0.907668 0.892517 0.865968 0.817534 0.733872 0.608636 0.473131 0.379956 0.337362 0.336864 0.385359 0.500485 0.657458 0.782907 0.858836 0.898089 0.912151 0.906357 0.880546 0.829425 0.743793 0.620734 0.491093 0.400847 0.355664 0.34638 0.378456 0.473094 0.627022 0.769171 0.863292 0.919559 0.952535 0.971872 0.983262 0.990005 0.994018 0.996418 0.997866 0.998752 0.999313 0.999696 1 
1 0.999805 0.99956 0.999201 0.998635 0.997711 0.996177 0.993613 0.989294 0.981976 0.969481 0.947967 0.910571 0.845159 0.732892 0.563766 0.398503 0.312854 0.287388 0.293706 0.327645 0.407944 0.549642 0.702731 0.810356 0.87264 0.903013 0.909454 0.892929 0.847239 0.758226 0.611362 0.438889 0.328922 0.286922 0.285148 0.316667 0.398987 0.545618 0.701008 0.808581 0.871874 0.907668 0.928311 0.941301 0.950766 0.958544 0.965068 0.97011 0.973309 0.974405 0.973309 0.97011 0.965068 0.958544 0.950766 0.941301 0.928311 0.907668 0.871874 0.808581 0.701008 0.545618 0.398987 0.316667 0.285148 0.286922 0.328922 0.438889 0.611362 0.758226 0.847239 0.892929 0.909454 0.903013 0.87264 0.810356 0.702732 0.549643 0.407945 0.327645 0.293706 0.287388 0.312853 0.3985 0.563763 0.73289 0.845158 0.910571 0.947968 0.969483 0.981979 0.9893 0.993623 0.996194 0.997737 0.998679 0.999273 0.999678 1 
1 0.999799 0.999546 0.999177 0.998596 0.997648 0.996079 0.99346 0.989055 0.981601 0.968885 0.947003 0.908968 0.842422 0.728253 0.557014 0.391823 0.306769 0.279952 0.282352 0.309926 0.383511 0.525709 0.688808 0.804622 0.871071 0.903214 0.910213 0.893647 0.847666 0.758413 0.611758 0.439769 0.329065 0.28469 0.27872 0.304178 0.380409 0.528086 0.693457 0.809803 0.878819 0.918361 0.941301 0.95523 0.964373 0.970895 0.975744 0.979213 0.981326 0.982038 0.981326 0.979213 0.975744 0.970895 0.964373 0.95523 0.941301 0.918361 0.878819 0.809803 0.693457 0.528086 0.380409 0.304178 0.27872 0.284689 0.329065 0.439769 0.611758 0.758413 0.847666 0.893647 0.910214 0.903215 0.871072 0.804622 0.688809 0.52571 0.383512 0.309926 0.282352 0.279952 0.306768 0.391821 0.557011 0.728251 0.842422 0.908968 0.947004 0.968888 0.981604 0.989062 0.99347 0.996096 0.997676 0.998641 0.999252 0.999669 1 
1 0.999796 0.999541 0.999171 0.998591 0.997651 0.996106 0.993547 0.989282 0.98214 0.970109 0.949722 0.914963 0.855579 0.756125 0.606801 0.449244 0.354019 0.317231 0.315128 0.343699 0.421067 0.560628 0.711117 0.816862 0.878192 0.908284 0.915222 0.900683 0.8602 0.782951 0.656839 0.499797 0.381983 0.326114 0.314047 0.33997 0.420439 0.565898 0.718879 0.82576 0.890384 0.92833 0.950766 0.964373 0.97298 0.978697 0.982611 0.985226 0.986749 0.987252 0.986749 0.985226 0.982611 0.978697 0.97298 0.964373 0.950766 0.92833 0.890384 0.82576 0.718879 0.565898 0.420439 0.33997 0.314047 0.326114 0.381983 0.499797 0.656839 0.782951 0.8602 0.900683 0.915222 0.908284 0.878192 0.816863 0.711118 0.560629 0.421069 0.3437 0.315129 0.317231 0.354018 0.449242 0.606799 0.756123 0.855579 0.914963 0.949723 0.970112 0.982143 0.989289 0.993557 0.996124 0.997679 0.998637 0.999247 0.999666 1 
1 0.999797 0.999544 0.99918 0.998613 0.997706 0.996231 0.993819 0.989863 0.983362 0.972658 0.955024 0.92601 0.878596 0.803012 0.692104 0.563264 0.464455 0.415451 0.40856 0.441465 0.522455 0.643917 0.760676 0.842807 0.892206 0.917296 0.923485 0.912059 0.880279 0.821563 0.728329 0.60648 0.495169 0.42892 0.410814 0.440162 0.523888 0.650113 0.769181 0.853019 0.906033 0.938594 0.958544 0.970895 0.978697 0.983746 0.987055 0.989168 0.990357 0.990742 0.990357 0.989168 0.987055 0.983746 0.978697 0.970895 0.958544 0.938594 0.906033 0.853019 0.769181 0.650113 0.523888 0.440162 0.410814 0.42892 0.495169 0.60648 0.728329 0.821563 0.880279 0.912059 0.923485 0.917296 0.892206 0.842808 0.760677 0.643918 0.522456 0.441466 0.40856 0.415451 0.464454 0.563262 0.692103 0.803011 0.878596 0.92601 0.955025 0.97266 0.983366 0.98987 0.99383 0.996248 0.997735 0.99866 0.999256 0.999669 1 
