1 1 1 1 1 1 1 1 1 1 1 1 1 1 1 1 1 1 1 1 1 1 1 1 1 1 1 1 1 1 1 1 1 1 1 1 1 1 1 1 1 1 1 1 1 1 1 1 1 1 1 1 1 1 1 1 1 1 1 1 1 1 1 1 1 1 1 1 1 1 1 1 1 1 1 1 1 1 1 1 1 1 1 1 1 1 1 1 1 1 1 1 1 1 1 1 1 1 1 1 
1 1 1 1 1 1 1 1 1 1 1 1 1 1 1 1 1 1 1 1 1 1 1 1 1 1 1 1 1 1 1 1 1 1 1 1 1 1 1 1 1 1 1 1 1 1 1 1 1 1 1 1 1 1 1 1 1 1 1 1 1 1 1 1 1 1 1 1 1 1 1 1 1 1 1 1 1 1 1 1 1 1 1 1 1 1 1 1 1 1 1 1 1 1 1 1 1 1 1 1 
1 1 1 1 1 1 1 1 1 1 1 1 1 1 1 1 1 1 1 1 1 1 1 1 1 1 1 1 1 1 1 1 1 1 1 1 1 1 1 1 1 1 1 1 1 1 1 1 1 1 1 1 1 1 1 1 1 1 1 1 1 1 1 1 1 1 1 1 1 1 1 1 1 1 1 1 1 1 1 1 1 1 1 1 1 1 1 1 1 1 1 1 1 1 1 1 1 1 1 1 
1 1 1 1 1 1 1 1 1 1 1 1 1 1 1 1 1 1 1 1 1 1 1 1 1 1 1 1 1 1 1 1 1 1 1 1 1 1 1 1 1 1 1 1 1 1 1 1 1 1 1 1 1 1 1 1 1 1 1 1 1 1 1 1 1 1 1 1 1 1 1 1 1 1 1 1 1 1 1 1 1 1 1 1 1 1 1 1 1 1 1 1 1 1 1 1 1 1 1 1 
1 1 1 1 1 1 1 1 1 1 1 1 1 1 1 1 1 1 1 1 1 1 1 1 1 1 1 1 1 1 1 1 1 1 1 1 1 1 1 1 1 1 1 1 1 1 1 1 1 1 1 1 1 1 1 1 1 1 1 1 1 1 1 1 1 1 1 1 1 1 1 1 1 1 1 1 1 1 1 1 1 1 1 1 1 1 1 1 1 1 1 1 1 1 1 1 1 1 1 1 
1 1 1 1 1 1 1 1 1 1 1 1 1 1 1 1 1 1 1 1 1 1 1 1 1 1 1 1 1 1 1 1 1 1 1 1 1 1 1 1 1 1 1 1 1 1 1 1 1 1 1 1 1 1 1 1 1 1 1 1 1 1 1 1 1 1 1 1 1 1 1 1 1 1 1 1 1 1 1 1 1 1 1 1 1 1 1 1 1 1 1 1 1 1 1 1 1 1 1 1 
1 1 1 1 1 1 1 1 1 1 1 1 1 1 1 1 1 1 1 1 1 1 1 1 1 1 1 1 1 1 1 1 1 1 1 1 1 1 1 1 1 1 1 1 1 1 1 1 1 1 1 1 1 1 1 1 1 1 1 1 1 1 1 1 1 1 1 1 1 1 1 1 1 1 1 1 1 1 1 1 1 1 1 1 1 1 1 1 1 1 1 1 1 1 1 1 1 1 1 1 
1 1 1 1 1 1 1 1 1 1 1 1 1 1 1 1 1 1 1 1 1 1 1 1 1 1 1 1 1 1 1 1 1 1 1 1 1 1 1 1 1 1 1 1 1 1 1 1 1 1 1 1 1 1 1 1 1 1 1 1 1 1 1 1 1 1 1 1 1 1 1 1 1 1 1 1 1 1 1 1 1 1 1 1 1 1 1 1 1 1 1 1 1 1 1 1 1 1 1 1 
1 1 1 1 1 1 1 1 1 1 1 1 1 1 1 1 1 1 1 1 1 1 1 1 1 1 1 1 1 1 1 1 1 1 1 1 1 1 1 1 1 1 1 1 1 1 1 1 1 1 1 1 1 1 1 1 1 1 1 1 1 1 1 1 1 1 1 1 1 1 1 1 1 1 1 1 1 1 1 1 1 1 1 1 1 1 1 1 1 1 1 1 1 1 1 1 1 1 1 1 
1 1 1 1 1 1 1 1 1 1 1 1 1 1 1 1 1 1 1 1 1 1 1 1 1 1 1 1 1 1 1 1 1 1 1 1 1 1 1 1 1 1 1 1 1 1 1 1 1 1 1 1 1 1 1 1 1 1 1 1 1 1 1 1 1 1 1 1 1 1 1 1 1 1 1 1 1 1 1 1 1 1 1 1 1 1 1 1 1 1 1 1 1 1 1 1 1 1 1 1 
1 1 1 1 1 1 1 1 1 1 1 1 1 1 1 1 1 1 1 1 1 1 1 1 1 1 1 1 1 1 1 1 1 1 1 1 1 1 0.999999 0.999999 0.999999 0.999999 0.999999 0.999999 0.999999 0.999999 0.999999 0.999999 0.999999 0.999999 0.999999 0.999999 0.999999 0.999999 0.999999 0.999999 0.999999 0.999999 0.999999 0.999999 0.999999 0.999999 0.999999 1 1 1 1 1 1 1 1 1 1 1 1 1 1 1 1 1 1 1 1 1 1 1 1 1 1 1 1 1 1 1 1 1 1 1 1 1 
1 1 1 1 1 1 1 1 1 1 1 1 1 1 1 1 1 1 1 1 1 1 1 1 1 1 1 1 1 1 1 1 1 1 0.999999 0.999999 0.999999 0.999999 0.999999 0.999999 0.999999 0.999999 0.999999 0.999999 0.999999 0.999999 0.999999 0.999999 0.999999 0.999999 0.999999 0.999999 0.999999 0.999999 0.999999 0.999999 0.999999 0.999999 0.999999 0.999999 0.999999 0.999999 0.999999 0.999999 0.999999 0.999999 0.999999 1 1 1 1 1 1 1 1 1 1 1 1 1 1 1 1 1 1 1 1 1 1 1 1 1 1 1 1 1 1 1 1 1 
1 1 1 1 1 1 1 1 1 1 1 1 1 1 1 1 1 1 1 1 1 1 1 1 1 1 1 1 1 1 1 0.999999 0.999999 0.999999 0.999999 0.999999 0.999999 0.999999 0.999999 0.999999 0.999999 0.999998 0.999998 0.999998 0.999998 0.999998 0.999998 0.999998 0.999998 0.999999 0.999999 0.999999 0.999998 0.999998 0.999998 0.999998 0.999998 0.999998 0.999998 0.999998 0.999999 0.999999 0.999999 0.999999 0.999999 0.999999 0.999999 0.999999 0.999999 0.999999 1 1 1 1 1 1 1 1 1 1 1 1 1 1 1 1 1 1 1 1 1 1 1 1 1 1 1 1 1 1 
1 1 1 1 1 1 1 1 1 1 1 1 1 1 1 1 1 1 1 1 1 1 1 1 1 1 1 1 0.999999 0.999999 0.999999 0.999999 0.999999 0.999999 0.999999 0.999998 0.999998 0.999998 0.999998 0.999998 0.999998 0.999998 0.999998 0.999997 0.999998 0.999998 0.999998 0.999998 0.999998 0.999998 0.999998 0.999998 0.999998 0.999998 0.999998 0.999998 0.999998 0.999997 0.999998 0.999998 0.999998 0.999998 0.999998 0.999998 0.999998 0.999998 0.999999 0.999999 0.999999 0.999999 0.999999 0.999999 0.999999 1 1 1 1 1 1 1 1 1 1 1 1 1 1 1 1 1 1 1 1 1 1 1 1 1 1 1 
1 1 1 1 1 1 1 1 1 1 1 1 1 1 1 1 1 1 1 1 1 1 1 1 1 1 1 0.999999 0.999999 0.999999 0.999999 0.999999 0.999998 0.999998 0.999998 0.999997 0.999997 0.999997 0.999997 0.999996 0.999996 0.999996 0.999996 0.999996 0.999996 0.999996 0.999996 0.999996 0.999996 0.999996 0.999996 0.999996 0.999996 0.999996 0.999996 0.999996 0.999996 0.999996 0.999996 0.999996 0.999996 0.999996 0.999997 0.999997 0.999997 0.999997 0.999998 0.999998 0.999998 0.999999 0.999999 0.999999 0.999999 0.999999 1 1 1 1 1 1 1 1 1 1 1 1 1 1 1 1 1 1 1 1 1 1 1 1 1 1 
1 1 1 1 1 1 1 1 1 1 1 1 1 1 1 1 1 1 1 1 1 1 1 1 1 0.999999 0.999999 0.999999 0.999999 0.999999 0.999998 0.999998 0.999997 0.999997 0.999996 0.999996 0.999995 0.999995 0.999994 0.999994 0.999994 0.999994 0.999994 0.999994 0.999994 0.999994 0.999994 0.999994 0.999994 0.999994 0.999994 0.999994 0.999994 0.999994 0.999994 0.999994 0.999994 0.999994 0.999994 0.999994 0.999994 0.999994 0.999994 0.999995 0.999995 0.999996 0.999996 0.999997 0.999997 0.999998 0.999998 0.999999 0.999999 0.999999 0.999999 0.999999 1 1 1 1 1 1 1 1 1 1 1 1 1 1 1 1 1 1 1 1 1 1 1 1 
1 1 1 1 1 1 1 1 1 1 1 1 1 1 1 1 1 1 1 1 1 1 1 1 0.999999 0.999999 0.999999 0.999999 0.999998 0.999998 0.999997 0.999997 0.999996 0.999995 0.999994 0.999993 0.999993 0.999992 0.999991 0.999991 0.99999 0.99999 0.99999 0.99999 0.99999 0.99999 0.99999 0.99999 0.99999 0.999991 0.999991 0.999991 0.99999 0.99999 0.99999 0.99999 0.99999 0.99999 0.99999 0.99999 0.99999 0.999991 0.999991 0.999992 0.999993 0.999993 0.999994 0.999995 0.999996 0.999997 0.999997 0.999998 0.999998 0.999999 0.999999 0.999999 0.999999 1 1 1 1 1 1 1 1 1 1 1 1 1 1 1 1 1 1 1 1 1 1 1 
1 1 1 1 1 1 1 1 1 1 1 1 1 1 1 1 1 1 1 1 1 1 0.999999 0.999999 0.999999 0.999999 0.999998 0.999998 0.999997 0.999996 0.999996 0.999995 0.999993 0.999992 0.999991 0.999989 0.999988 0.999987 0.999986 0.999985 0.999984 0.999983 0.999983 0.999983 0.999983 0.999984 0.999984 0.999985 0.999985 0.999985 0.999985 0.999985 0.999985 0.999985 0.999984 0.999984 0.999983 0.999983 0.999983 0.999983 0.999984 0.999985 0.999986 0.999987 0.999988 0.999989 0.999991 0.999992 0.999993 0.999995 0.999996 0.999996 0.999997 0.999998 0.999998 0.999999 0.999999 0.999999 0.999999 1 1 1 1 1 1 1 1 1 1 1 1 1 1 1 1 1 1 1 1 1 
1 1 1 1 1 1 1 1 1 1 1 1 1 1 1 1 1 1 1 1 1 0.999999 0.999999 0.999999 0.999999 0.999998 0.999997 0.999997 0.999996 0.999995 0.999993 0.999992 0.99999 0.999988 0.999985 0.999983 0.999981 0.999979 0.999977 0.999975 0.999974 0.999973 0.999973 0.999973 0.999973 0.999974 0.999975 0.999975 0.999976 0.999977 0.999977 0.999977 0.999976 0.999975 0.999975 0.999974 0.999973 0.999973 0.999973 0.999973 0.999974 0.999975 0.999977 0.999979 0.999981 0.999983 0.999985 0.999988 0.99999 0.999992 0.999993 0.999995 0.999996 0.999997 0.999997 0.999998 0.999999 0.999999 0.999999 0.999999 1 1 1 1 1 1 1 1 1 1 1 1 1 1 1 1 1 1 1 1 
1 1 1 1 1 1 1 1 1 1 1 1 1 1 1 1 1 1 1 1 0.999999 0.999999 0.999999 0.999998 0.999998 0.999997 0.999996 0.999995 0.999993 0.999992 0.999989 0.999987 0.999984 0.99998 0.999977 0.999973 0.999969 0.999966 0.999962 0.99996 0.999958 0.999956 0.999956 0.999956 0.999957 0.999958 0.99996 0.999961 0.999962 0.999963 0.999963 0.999963 0.999962 0.999961 0.99996 0.999958 0.999957 0.999956 0.999956 0.999956 0.999958 0.99996 0.999962 0.999966 0.999969 0.999973 0.999977 0.99998 0.999984 0.999987 0.999989 0.999992 0.999993 0.999995 0.999996 0.999997 0.999998 0.999998 0.999999 0.999999 0.999999 1 1 1 1 1 1 1 1 1 1 1 1 1 1 1 1 1 1 1 
1 1 1 1 1 1 1 1 1 1 1 1 1 1 1 1 1 1 1 0.999999 0.999999 0.999999 0.999998 0.999998 0.999997 0.999996 0.999994 0.999992 0.99999 0.999987 0.999984 0.999979 0.999975 0.999969 0.999963 0.999957 0.999951 0.999945 0.999939 0.999935 0.999931 0.999929 0.999928 0.999929 0.99993 0.999933 0.999936 0.999938 0.999941 0.999942 0.999943 0.999942 0.999941 0.999938 0.999936 0.999933 0.99993 0.999929 0.999928 0.999929 0.999931 0.999935 0.999939 0.999945 0.999951 0.999957 0.999963 0.999969 0.999975 0.999979 0.999984 0.999987 0.99999 0.999992 0.999994 0.999996 0.999997 0.999998 0.999998 0.999999 0.999999 0.999999 1 1 1 1 1 1 1 1 1 1 1 1 1 1 1 1 1 1 
1 1 1 1 1 1 1 1 1 1 1 1 1 1 1 1 1 1 0.999999 0.999999 0.999999 0.999998 0.999998 0.999997 0.999995 0.999994 0.999992 0.999989 0.999985 0.999981 0.999975 0.999968 0.99996 0.999952 0.999942 0.999932 0.999921 0.999911 0.999902 0.999894 0.999888 0.999885 0.999884 0.999885 0.999888 0.999892 0.999897 0.999902 0.999906 0.999909 0.99991 0.999909 0.999906 0.999902 0.999897 0.999892 0.999888 0.999885 0.999884 0.999885 0.999888 0.999894 0.999902 0.999911 0.999921 0.999932 0.999942 0.999952 0.99996 0.999968 0.999975 0.999981 0.999985 0.999989 0.999992 0.999994 0.999995 0.999997 0.999998 0.999998 0.999999 0.999999 0.999999 1 1 1 1 1 1 1 1 1 1 1 1 1 1 1 1 1 
1 1 1 1 1 1 1 1 1 1 1 1 1 1 1 1 1 0.999999 0.999999 0.999999 0.999998 0.999998 0.999997 0.999995 0.999993 0.999991 0.999988 0.999983 0.999978 0.999971 0.999962 0.999951 0.999939 0.999924 0.999908 0.999891 0.999873 0.999856 0.999841 0.999828 0.999818 0.999812 0.999811 0.999813 0.999819 0.999827 0.999837 0.999846 0.999853 0.999858 0.999859 0.999858 0.999853 0.999846 0.999837 0.999827 0.999819 0.999813 0.999811 0.999812 0.999818 0.999828 0.999841 0.999856 0.999873 0.999891 0.999908 0.999924 0.999939 0.999951 0.999962 0.999971 0.999978 0.999983 0.999988 0.999991 0.999993 0.999995 0.999997 0.999998 0.999998 0.999999 0.999999 0.999999 1 1 1 1 1 1 1 1 1 1 1 1 1 1 1 1 
1 1 1 1 1 1 1 1 1 1 1 1 1 1 1 1 1 0.999999 0.999999 0.999998 0.999998 0.999997 0.999995 0.999993 0.999991 0.999987 0.999982 0.999975 0.999967 0.999956 0.999942 0.999925 0.999905 0.999881 0.999855 0.999827 0.999797 0.999768 0.999742 0.999719 0.999703 0.999694 0.999692 0.999697 0.999708 0.999723 0.99974 0.999756 0.999769 0.999778 0.999781 0.999778 0.999769 0.999756 0.99974 0.999723 0.999708 0.999697 0.999692 0.999694 0.999703 0.999719 0.999742 0.999768 0.999797 0.999827 0.999855 0.999881 0.999905 0.999925 0.999942 0.999956 0.999967 0.999975 0.999982 0.999987 0.999991 0.999993 0.999995 0.999997 0.999998 0.999998 0.999999 0.999999 1 1 1 1 1 1 1 1 1 1 1 1 1 1 1 1 
1 1 1 1 1 1 1 1 1 1 1 1 1 1 1 1 0.999999 0.999999 0.999999 0.999998 0.999997 0.999995 0.999993 0.999991 0.999987 0.999981 0.999974 0.999964 0.999951 0.999934 0.999912 0.999885 0.999853 0.999815 0.999772 0.999724 0.999675 0.999626 0.999581 0.999543 0.999515 0.9995 0.999497 0.999508 0.999528 0.999556 0.999587 0.999616 0.999639 0.999655 0.99966 0.999655 0.999639 0.999616 0.999587 0.999556 0.999528 0.999508 0.999497 0.9995 0.999515 0.999543 0.999581 0.999626 0.999675 0.999724 0.999772 0.999815 0.999853 0.999885 0.999912 0.999934 0.999951 0.999964 0.999974 0.999981 0.999987 0.999991 0.999993 0.999995 0.999997 0.999998 0.999999 0.999999 0.999999 1 1 1 1 1 1 1 1 1 1 1 1 1 1 1 
1 1 1 1 1 1 1 1 1 1 1 1 1 1 1 0.999999 0.999999 0.999999 0.999998 0.999997 0.999996 0.999994 0.999991 0.999987 0.999981 0.999973 0.999962 0.999947 0.999928 0.999901 0.999868 0.999826 0.999774 0.999712 0.999641 0.999563 0.99948 0.999397 0.99932 0.999255 0.999207 0.999181 0.999179 0.999199 0.999237 0.999288 0.999343 0.999395 0.999438 0.999466 0.999475 0.999466 0.999438 0.999395 0.999343 0.999288 0.999237 0.999199 0.999179 0.999181 0.999207 0.999255 0.99932 0.999397 0.99948 0.999563 0.999641 0.999712 0.999774 0.999826 0.999868 0.999901 0.999928 0.999947 0.999962 0.999973 0.999981 0.999987 0.999991 0.999994 0.999996 0.999997 0.999998 0.999999 0.999999 0.999999 1 1 1 1 1 1 1 1 1 1 1 1 1 1 
1 1 1 1 1 1 1 1 1 1 1 1 1 1 1 0.999999 0.999999 0.999998 0.999997 0.999996 0.999994 0.999992 0.999988 0.999982 0.999974 0.999962 0.999946 0.999924 0.999894 0.999855 0.999803 0.999737 0.999654 0.999555 0.999439 0.999308 0.999169 0.999028 0.998895 0.998783 0.998701 0.998657 0.998655 0.998694 0.998765 0.998857 0.998957 0.999051 0.999127 0.999177 0.999194 0.999177 0.999127 0.999051 0.998957 0.998857 0.998765 0.998694 0.998655 0.998657 0.998701 0.998783 0.998895 0.999028 0.999169 0.999308 0.999439 0.999555 0.999654 0.999737 0.999803 0.999855 0.999894 0.999924 0.999946 0.999962 0.999974 0.999982 0.999988 0.999992 0.999994 0.999996 0.999997 0.999998 0.999999 0.999999 1 1 1 1 1 1 1 1 1 1 1 1 1 1 
1 1 1 1 1 1 1 1 1 1 1 1 1 1 0.999999 0.999999 0.999999 0.999998 0.999997 0.999995 0.999992 0.999989 0.999983 0.999975 0.999964 0.999947 0.999924 0.999892 0.999848 0.999788 0.999708 0.999605 0.999475 0.999315 0.999125 0.998909 0.998674 0.998433 0.998205 0.998009 0.997867 0.997792 0.997793 0.997866 0.997997 0.998165 0.998346 0.998514 0.998651 0.998738 0.998769 0.998738 0.998651 0.998514 0.998346 0.998165 0.997997 0.997866 0.997793 0.997792 0.997867 0.998009 0.998205 0.998433 0.998674 0.998909 0.999125 0.999315 0.999475 0.999605 0.999708 0.999788 0.999848 0.999892 0.999924 0.999947 0.999964 0.999975 0.999983 0.999989 0.999992 0.999995 0.999997 0.999998 0.999999 0.999999 0.999999 1 1 1 1 1 1 1 1 1 1 1 1 1 
1 1 1 1 1 1 1 1 1 1 1 1 1 0.999999 0.999999 0.999999 0.999998 0.999997 0.999996 0.999993 0.99999 0.999985 0.999978 0.999967 0.999951 0.999928 0.999894 0.999848 0.999782 0.999693 0.999572 0.999413 0.999208 0.998952 0.998643 0.998284 0.997888 0.997477 0.997082 0.99674 0.99649 0.996361 0.996368 0.996505 0.996747 0.997054 0.99738 0.997682 0.997924 0.998079 0.998133 0.998079 0.997924 0.997682 0.99738 0.997054 0.996747 0.996505 0.996368 0.996361 0.99649 0.99674 0.997082 0.997477 0.997888 0.998284 0.998643 0.998952 0.999208 0.999413 0.999572 0.999693 0.999782 0.999848 0.999894 0.999928 0.999951 0.999967 0.999978 0.999985 0.99999 0.999993 0.999996 0.999997 0.999998 0.999999 0.999999 0.999999 1 1 1 1 1 1 1 1 1 1 1 1 
1 1 1 1 1 1 1 1 1 1 1 1 1 0.999999 0.999999 0.999999 0.999998 0.999996 0.999995 0.999992 0.999987 0.999981 0.999971 0.999956 0.999934 0.999901 0.999855 0.999788 0.999693 0.99956 0.999379 0.999135 0.998815 0.998408 0.997907 0.997314 0.996648 0.995943 0.995255 0.994654 0.994211 0.993986 0.994007 0.994265 0.994712 0.995271 0.99586 0.996399 0.996826 0.997098 0.997192 0.997098 0.996826 0.996399 0.99586 0.995271 0.994712 0.994265 0.994007 0.993986 0.994211 0.994654 0.995255 0.995943 0.996648 0.997314 0.997907 0.998408 0.998815 0.999135 0.999379 0.99956 0.999693 0.999788 0.999855 0.999901 0.999934 0.999956 0.999971 0.999981 0.999987 0.999992 0.999995 0.999996 0.999998 0.999999 0.999999 0.999999 1 1 1 1 1 1 1 1 1 1 1 1 
1 1 1 1 1 1 1 1 1 1 1 1 1 0.999999 0.999999 0.999998 0.999997 0.999996 0.999993 0.999989 0.999984 0.999975 0.999962 0.999942 0.999912 0.999868 0.999803 0.999708 0.999572 0.999379 0.999109 0.99874 0.998246 0.997604 0.996795 0.995819 0.994698 0.993488 0.992285 0.991218 0.990426 0.990026 0.990078 0.990564 0.99139 0.992413 0.993473 0.994431 0.995182 0.995656 0.995818 0.995656 0.995182 0.994431 0.993473 0.992413 0.99139 0.990564 0.990078 0.990026 0.990426 0.991218 0.992285 0.993488 0.994698 0.995819 0.996795 0.997604 0.998246 0.99874 0.999109 0.999379 0.999572 0.999708 0.999803 0.999868 0.999912 0.999942 0.999962 0.999975 0.999984 0.999989 0.999993 0.999996 0.999997 0.999998 0.999999 0.999999 1 1 1 1 1 1 1 1 1 1 1 1 
1 1 1 1 1 1 1 1 1 1 1 1 0.999999 0.999999 0.999999 0.999998 0.999997 0.999995 0.999992 0.999987 0.999979 0.999968 0.999951 0.999925 0.999885 0.999826 0.999737 0.999605 0.999413 0.999135 0.99874 0.998188 0.997434 0.99643 0.995137 0.993537 0.991654 0.989574 0.987461 0.985553 0.98412 0.983397 0.983511 0.984429 0.985965 0.987836 0.989745 0.991442 0.992751 0.99357 0.993848 0.99357 0.992751 0.991442 0.989745 0.987836 0.985965 0.984429 0.983511 0.983397 0.98412 0.985553 0.987461 0.989574 0.991654 0.993537 0.995137 0.99643 0.997434 0.998188 0.99874 0.999135 0.999413 0.999605 0.999737 0.999826 0.999885 0.999925 0.999951 0.999968 0.999979 0.999987 0.999992 0.999995 0.999997 0.999998 0.999999 0.999999 0.999999 1 1 1 1 1 1 1 1 1 1 1 
1 1 1 1 1 1 1 1 1 1 1 1 0.999999 0.999999 0.999998 0.999997 0.999996 0.999993 0.99999 0.999984 0.999975 0.99996 0.999939 0.999905 0.999853 0.999774 0.999654 0.999475 0.999208 0.998815 0.998246 0.997434 0.996298 0.99475 0.992702 0.990098 0.986946 0.983368 0.97964 0.976198 0.97357 0.97224 0.972477 0.974221 0.977094 0.980531 0.983964 0.986951 0.989214 0.99061 0.991081 0.99061 0.989214 0.986951 0.983964 0.980531 0.977094 0.974221 0.972477 0.97224 0.97357 0.976198 0.97964 0.983368 0.986946 0.990098 0.992702 0.99475 0.996298 0.997434 0.998246 0.998815 0.999208 0.999475 0.999654 0.999774 0.999853 0.999905 0.999939 0.99996 0.999975 0.999984 0.99999 0.999993 0.999996 0.999997 0.999998 0.999999 0.999999 1 1 1 1 1 1 1 1 1 1 1 
1 1 1 1 1 1 1 1 1 1 1 1 0.999999 0.999999 0.999998 0.999997 0.999995 0.999992 0.999988 0.99998 0.999969 0.999952 0.999924 0.999881 0.999815 0.999712 0.999555 0.999315 0.998952 0.998408 0.997604 0.99643 0.99475 0.992397 0.989196 0.984999 0.979755 0.973607 0.967 0.960731 0.955845 0.953349 0.953827 0.95717 0.962587 0.968925 0.975087 0.980306 0.984169 0.986511 0.987293 0.986511 0.984169 0.980306 0.975087 0.968925 0.962587 0.95717 0.953827 0.953349 0.955845 0.960731 0.967 0.973607 0.979755 0.984999 0.989196 0.992397 0.99475 0.99643 0.997604 0.998408 0.998952 0.999315 0.999555 0.999712 0.999815 0.999881 0.999924 0.999952 0.999969 0.99998 0.999988 0.999992 0.999995 0.999997 0.999998 0.999999 0.999999 1 1 1 1 1 1 1 1 1 1 1 
1 1 1 1 1 1 1 1 1 1 1 0.999999 0.999999 0.999999 0.999998 0.999996 0.999994 0.999991 0.999985 0.999977 0.999963 0.999942 0.999908 0.999855 0.999772 0.999641 0.999439 0.999125 0.998643 0.997907 0.996795 0.995137 0.992702 0.989196 0.984276 0.977603 0.968956 0.958425 0.946678 0.935153 0.925934 0.921149 0.922093 0.928569 0.938889 0.950629 0.961658 0.970681 0.977162 0.981009 0.982278 0.981009 0.977162 0.970681 0.961658 0.950629 0.938889 0.928569 0.922093 0.921149 0.925934 0.935153 0.946678 0.958425 0.968956 0.977603 0.984276 0.989196 0.992702 0.995137 0.996795 0.997907 0.998643 0.999125 0.999439 0.999641 0.999772 0.999855 0.999908 0.999942 0.999963 0.999977 0.999985 0.999991 0.999994 0.999996 0.999998 0.999999 0.999999 0.999999 1 1 1 1 1 1 1 1 1 1 
1 1 1 1 1 1 1 1 1 1 1 0.999999 0.999999 0.999998 0.999997 0.999996 0.999993 0.999989 0.999983 0.999973 0.999957 0.999932 0.999891 0.999827 0.999724 0.999563 0.999308 0.998909 0.998284 0.997314 0.995819 0.993537 0.990098 0.984999 0.977603 0.967191 0.953124 0.935213 0.914313 0.892962 0.875346 0.866004 0.867827 0.880496 0.900349 0.922177 0.941793 0.957147 0.967774 0.973917 0.975917 0.973917 0.967774 0.957147 0.941793 0.922177 0.900349 0.880496 0.867827 0.866004 0.875346 0.892962 0.914313 0.935213 0.953124 0.967191 0.977603 0.984999 0.990098 0.993537 0.995819 0.997314 0.998284 0.998909 0.999308 0.999563 0.999724 0.999827 0.999891 0.999932 0.999957 0.999973 0.999983 0.999989 0.999993 0.999996 0.999997 0.999998 0.999999 0.999999 1 1 1 1 1 1 1 1 1 1 
1 1 1 1 1 1 1 1 1 1 1 0.999999 0.999999 0.999998 0.999997 0.999995 0.999993 0.999988 0.999981 0.999969 0.999951 0.999921 0.999873 0.999797 0.999675 0.99948 0.999169 0.998674 0.997888 0.996648 0.994698 0.991654 0.986946 0.979755 0.968956 0.953124 0.93072 0.900675 0.863718 0.824246 0.790706 0.772557 0.775923 0.800471 0.838601 0.879035 0.913445 0.938937 0.955804 0.965254 0.968282 0.965254 0.955804 0.938937 0.913445 0.879035 0.838601 0.800471 0.775923 0.772557 0.790706 0.824246 0.863718 0.900675 0.93072 0.953124 0.968956 0.979755 0.986946 0.991654 0.994698 0.996648 0.997888 0.998674 0.999169 0.99948 0.999675 0.999797 0.999873 0.999921 0.999951 0.999969 0.999981 0.999988 0.999993 0.999995 0.999997 0.999998 0.999999 0.999999 1 1 1 1 1 1 1 1 1 1 
1 1 1 1 1 1 1 1 1 1 1 0.999999 0.999999 0.999998 0.999997 0.999995 0.999992 0.999987 0.999979 0.999966 0.999945 0.999911 0.999856 0.999768 0.999626 0.999397 0.999028 0.998433 0.997477 0.995943 0.993488 0.989574 0.983368 0.973607 0.958425 0.935213 0.900675 0.851653 0.787979 0.717809 0.658276 0.62636 0.631771 0.675151 0.744486 0.816984 0.875384 0.91603 0.941585 0.955415 0.95977 0.955415 0.941585 0.91603 0.875384 0.816984 0.744486 0.675151 0.631771 0.62636 0.658276 0.717809 0.787979 0.851653 0.900675 0.935213 0.958425 0.973607 0.983368 0.989574 0.993488 0.995943 0.997477 0.998433 0.999028 0.999397 0.999626 0.999768 0.999856 0.999911 0.999945 0.999966 0.999979 0.999987 0.999992 0.999995 0.999997 0.999998 0.999999 0.999999 1 1 1 1 1 1 1 1 1 1 
1 1 1 1 1 1 1 1 1 1 0.999999 0.999999 0.999999 0.999998 0.999997 0.999994 0.999991 0.999986 0.999977 0.999962 0.999939 0.999902 0.999841 0.999742 0.999581 0.99932 0.998895 0.998205 0.997082 0.995255 0.992285 0.987461 0.97964 0.967 0.946678 0.914313 0.863718 0.787979 0.686251 0.578031 0.495664 0.455864 0.46203 0.51844 0.621449 0.737698 0.82959 0.890145 0.926374 0.945327 0.951196 0.945327 0.926374 0.890145 0.82959 0.737698 0.621449 0.51844 0.46203 0.455864 0.495664 0.578031 0.686251 0.787979 0.863718 0.914313 0.946678 0.967 0.97964 0.987461 0.992285 0.995255 0.997082 0.998205 0.998895 0.99932 0.999581 0.999742 0.999841 0.999902 0.999939 0.999962 0.999977 0.999986 0.999991 0.999994 0.999997 0.999998 0.999999 0.999999 0.999999 1 1 1 1 1 1 1 1 1 
1 1 1 1 1 1 1 1 1 1 0.999999 0.999999 0.999999 0.999998 0.999996 0.999994 0.999991 0.999985 0.999975 0.99996 0.999935 0.999894 0.999828 0.999719 0.999543 0.999255 0.998783 0.998009 0.99674 0.994654 0.991218 0.985553 0.976198 0.960731 0.935153 0.892962 0.824246 0.717809 0.578031 0.451002 0.374493 0.343535 0.348912 0.398216 0.508015 0.658295 0.784346 0.865597 0.912525 0.936438 0.943745 0.936438 0.912525 0.865597 0.784346 0.658295 0.508015 0.398216 0.348912 0.343535 0.374493 0.451002 0.578031 0.717809 0.824246 0.892962 0.935153 0.960731 0.976198 0.985553 0.991218 0.994654 0.99674 0.998009 0.998783 0.999255 0.999543 0.999719 0.999828 0.999894 0.999935 0.99996 0.999975 0.999985 0.999991 0.999994 0.999996 0.999998 0.999999 0.999999 0.999999 1 1 1 1 1 1 1 1 1 
1 1 1 1 1 1 1 1 1 1 0.999999 0.999999 0.999999 0.999998 0.999996 0.999994 0.99999 0.999984 0.999974 0.999958 0.999931 0.999888 0.999818 0.999703 0.999515 0.999207 0.998701 0.997867 0.99649 0.994211 0.990426 0.98412 0.97357 0.955845 0.925934 0.875346 0.790706 0.658276 0.495664 0.374493 0.316082 0.296759 0.302539 0.342362 0.442953 0.604739 0.752496 0.848401 0.902971 0.930391 0.938706 0.930391 0.902971 0.848401 0.752496 0.604739 0.442953 0.342362 0.302539 0.296759 0.316082 0.374493 0.495664 0.658276 0.790706 0.875346 0.925934 0.955845 0.97357 0.98412 0.990426 0.994211 0.99649 0.997867 0.998701 0.999207 0.999515 0.999703 0.999818 0.999888 0.999931 0.999958 0.999974 0.999984 0.99999 0.999994 0.999996 0.999998 0.999999 0.999999 0.999999 1 1 1 1 1 1 1 1 1 
1 1 1 1 1 1 1 1 1 1 0.999999 0.999999 0.999998 0.999998 0.999996 0.999994 0.99999 0.999983 0.999973 0.999956 0.999929 0.999885 0.999812 0.999694 0.9995 0.999181 0.998657 0.997792 0.996361 0.993986 0.990026 0.983397 0.97224 0.953349 0.921149 0.866004 0.772557 0.62636 0.455864 0.343535 0.296759 0.284949 0.293526 0.332042 0.429195 0.591284 0.743622 0.843297 0.899994 0.928429 0.937042 0.928429 0.899994 0.843297 0.743622 0.591284 0.429195 0.332042 0.293526 0.284949 0.296759 0.343535 0.455864 0.62636 0.772557 0.866004 0.921149 0.953349 0.97224 0.983397 0.990026 0.993986 0.996361 0.997792 0.998657 0.999181 0.9995 0.999694 0.999812 0.999885 0.999929 0.999956 0.999973 0.999983 0.99999 0.999994 0.999996 0.999998 0.999998 0.999999 0.999999 1 1 1 1 1 1 1 1 1 
1 1 1 1 1 1 1 1 1 1 0.999999 0.999999 0.999998 0.999998 0.999996 0.999994 0.99999 0.999983 0.999973 0.999956 0.999928 0.999884 0.999811 0.999692 0.999497 0.999179 0.998655 0.997793 0.996368 0.994007 0.990078 0.983511 0.972477 0.953827 0.922093 0.867827 0.775923 0.631771 0.46203 0.348912 0.302539 0.293526 0.307866 0.355069 0.459979 0.618116 0.759317 0.851345 0.904173 0.930893 0.939022 0.930893 0.904173 0.851345 0.759317 0.618116 0.459979 0.355069 0.307866 0.293526 0.302539 0.348912 0.46203 0.631771 0.775923 0.867827 0.922093 0.953827 0.972477 0.983511 0.990078 0.994007 0.996368 0.997793 0.998655 0.999179 0.999497 0.999692 0.999811 0.999884 0.999928 0.999956 0.999973 0.999983 0.99999 0.999994 0.999996 0.999998 0.999998 0.999999 0.999999 1 1 1 1 1 1 1 1 1 
1 1 1 1 1 1 1 1 1 1 0.999999 0.999999 0.999998 0.999997 0.999996 0.999994 0.99999 0.999983 0.999973 0.999956 0.999929 0.999885 0.999813 0.999697 0.999508 0.999199 0.998694 0.997866 0.996505 0.994265 0.990564 0.984429 0.974221 0.95717 0.928569 0.880496 0.800471 0.675151 0.51844 0.398216 0.342362 0.332042 0.355069 0.418438 0.533957 0.677053 0.793841 0.86976 0.914218 0.937104 0.944133 0.937104 0.914218 0.86976 0.793841 0.677053 0.533957 0.418438 0.355069 0.332042 0.342362 0.398216 0.51844 0.675151 0.800471 0.880496 0.928569 0.95717 0.974221 0.984429 0.990564 0.994265 0.996505 0.997866 0.998694 0.999199 0.999508 0.999697 0.999813 0.999885 0.999929 0.999956 0.999973 0.999983 0.99999 0.999994 0.999996 0.999997 0.999998 0.999999 0.999999 1 1 1 1 1 1 1 1 1 
1 1 1 1 1 1 1 1 1 1 0.999999 0.999999 0.999998 0.999998 0.999996 0.999994 0.99999 0.999983 0.999973 0.999957 0.99993 0.999888 0.999819 0.999708 0.999528 0.999237 0.998765 0.997997 0.996747 0.994712 0.99139 0.985965 0.977094 0.962587 0.938889 0.900349 0.838601 0.744486 0.621449 0.508015 0.442953 0.429195 0.459979 0.533957 0.641722 0.751962 0.837042 0.893471 0.927634 0.945675 0.95129 0.945675 0.927634 0.893471 0.837042 0.751962 0.641722 0.533957 0.459979 0.429195 0.442953 0.508015 0.621449 0.744486 0.838601 0.900349 0.938889 0.962587 0.977094 0.985965 0.99139 0.994712 0.996747 0.997997 0.998765 0.999237 0.999528 0.999708 0.999819 0.999888 0.99993 0.999957 0.999973 0.999983 0.99999 0.999994 0.999996 0.999998 0.999998 0.999999 0.999999 1 1 1 1 1 1 1 1 1 
1 1 1 1 1 1 1 1 1 1 0.999999 0.999999 0.999998 0.999998 0.999996 0.999994 0.99999 0.999984 0.999974 0.999958 0.999933 0.999892 0.999827 0.999723 0.999556 0.999288 0.998857 0.998165 0.997054 0.995271 0.992413 0.987836 0.980531 0.968925 0.950629 0.922177 0.879035 0.816984 0.737698 0.658295 0.604739 0.591284 0.618116 0.677053 0.751962 0.823151 0.878769 0.917357 0.941744 0.955018 0.959213 0.955018 0.941744 0.917357 0.878769 0.823151 0.751962 0.677053 0.618116 0.591284 0.604739 0.658295 0.737698 0.816984 0.879035 0.922177 0.950629 0.968925 0.980531 0.987836 0.992413 0.995271 0.997054 0.998165 0.998857 0.999288 0.999556 0.999723 0.999827 0.999892 0.999933 0.999958 0.999974 0.999984 0.99999 0.999994 0.999996 0.999998 0.999998 0.999999 0.999999 1 1 1 1 1 1 1 1 1 
1 1 1 1 1 1 1 1 1 1 0.999999 0.999999 0.999998 0.999998 0.999996 0.999994 0.99999 0.999984 0.999975 0.99996 0.999936 0.999897 0.999837 0.99974 0.999587 0.999343 0.998957 0.998346 0.99738 0.99586 0.993473 0.989745 0.983964 0.975087 0.961658 0.941793 0.913445 0.875384 0.82959 0.784346 0.752496 0.743622 0.759317 0.793841 0.837042 0.878769 0.912952 0.937974 0.954509 0.963793 0.966774 0.963793 0.954509 0.937974 0.912952 0.878769 0.837042 0.793841 0.759317 0.743622 0.752496 0.784346 0.82959 0.875384 0.913445 0.941793 0.961658 0.975087 0.983964 0.989745 0.993473 0.99586 0.99738 0.998346 0.998957 0.999343 0.999587 0.99974 0.999837 0.999897 0.999936 0.99996 0.999975 0.999984 0.99999 0.999994 0.999996 0.999998 0.999998 0.999999 0.999999 1 1 1 1 1 1 1 1 1 
1 1 1 1 1 1 1 1 1 1 0.999999 0.999999 0.999998 0.999998 0.999996 0.999994 0.99999 0.999985 0.999975 0.999961 0.999938 0.999902 0.999846 0.999756 0.999616 0.999395 0.999051 0.998514 0.997682 0.996399 0.994431 0.991442 0.986951 0.980306 0.970681 0.957147 0.938937 0.91603 0.890145 0.865597 0.848401 0.843297 0.851345 0.86976 0.893471 0.917357 0.937974 0.953848 0.964785 0.971107 0.973168 0.971107 0.964785 0.953848 0.937974 0.917357 0.893471 0.86976 0.851345 0.843297 0.848401 0.865597 0.890145 0.91603 0.938937 0.957147 0.970681 0.980306 0.986951 0.991442 0.994431 0.996399 0.997682 0.998514 0.999051 0.999395 0.999616 0.999756 0.999846 0.999902 0.999938 0.999961 0.999975 0.999985 0.99999 0.999994 0.999996 0.999998 0.999998 0.999999 0.999999 1 1 1 1 1 1 1 1 1 
1 1 1 1 1 1 1 1 1 1 0.999999 0.999999 0.999998 0.999998 0.999996 0.999994 0.99999 0.999985 0.999976 0.999962 0.999941 0.999906 0.999853 0.999769 0.999639 0.999438 0.999127 0.998651 0.997924 0.996826 0.995182 0.992751 0.989214 0.984169 0.977162 0.967774 0.955804 0.941585 0.926374 0.912525 0.902971 0.899994 0.904173 0.914218 0.927634 0.941744 0.954509 0.964785 0.97213 0.976488 0.977928 0.976488 0.97213 0.964785 0.954509 0.941744 0.927634 0.914218 0.904173 0.899994 0.902971 0.912525 0.926374 0.941585 0.955804 0.967774 0.977162 0.984169 0.989214 0.992751 0.995182 0.996826 0.997924 0.998651 0.999127 0.999438 0.999639 0.999769 0.999853 0.999906 0.999941 0.999962 0.999976 0.999985 0.99999 0.999994 0.999996 0.999998 0.999998 0.999999 0.999999 1 1 1 1 1 1 1 1 1 
1 1 1 1 1 1 1 1 1 1 0.999999 0.999999 0.999999 0.999998 0.999996 0.999994 0.999991 0.999985 0.999977 0.999963 0.999942 0.999909 0.999858 0.999778 0.999655 0.999466 0.999177 0.998738 0.998079 0.997098 0.995656 0.99357 0.99061 0.986511 0.981009 0.973917 0.965254 0.955415 0.945327 0.936438 0.930391 0.928429 0.930893 0.937104 0.945675 0.955018 0.963793 0.971107 0.976488 0.979748 0.980836 0.979748 0.976488 0.971107 0.963793 0.955018 0.945675 0.937104 0.930893 0.928429 0.930391 0.936438 0.945327 0.955415 0.965254 0.973917 0.981009 0.986511 0.99061 0.99357 0.995656 0.997098 0.998079 0.998738 0.999177 0.999466 0.999655 0.999778 0.999858 0.999909 0.999942 0.999963 0.999977 0.999985 0.999991 0.999994 0.999996 0.999998 0.999999 0.999999 0.999999 1 1 1 1 1 1 1 1 1 
1 1 1 1 1 1 1 1 1 1 0.999999 0.999999 0.999999 0.999998 0.999996 0.999994 0.999991 0.999985 0.999977 0.999963 0.999943 0.99991 0.999859 0.999781 0.99966 0.999475 0.999194 0.998769 0.998133 0.997192 0.995818 0.993848 0.991081 0.987293 0.982278 0.975917 0.968282 0.95977 0.951196 0.943745 0.938706 0.937042 0.939022 0.944133 0.95129 0.959213 0.966774 0.973168 0.977928 0.980836 0.981811 0.980836 0.977928 0.973168 0.966774 0.959213 0.95129 0.944133 0.939022 0.937042 0.938706 0.943745 0.951196 0.95977 0.968282 0.975917 0.982278 0.987293 0.991081 0.993848 0.995818 0.997192 0.998133 0.998769 0.999194 0.999475 0.99966 0.999781 0.999859 0.99991 0.999943 0.999963 0.999977 0.999985 0.999991 0.999994 0.999996 0.999998 0.999999 0.999999 0.999999 1 1 1 1 1 1 1 1 1 
1 1 1 1 1 1 1 1 1 1 0.999999 0.999999 0.999999 0.999998 0.999996 0.999994 0.999991 0.999985 0.999977 0.999963 0.999942 0.999909 0.999858 0.999778 0.999655 0.999466 0.999177 0.998738 0.998079 0.997098 0.995656 0.99357 0.99061 0.986511 0.981009 0.973917 0.965254 0.955415 0.945327 0.936438 0.930391 0.928429 0.930893 0.937104 0.945675 0.955018 0.963793 0.971107 0.976488 0.979748 0.980836 0.979748 0.976488 0.971107 0.963793 0.955018 0.945675 0.937104 0.930893 0.928429 0.930391 0.936438 0.945327 0.955415 0.965254 0.973917 0.981009 0.986511 0.99061 0.99357 0.995656 0.997098 0.998079 0.998738 0.999177 0.999466 0.999655 0.999778 0.999858 0.999909 0.999942 0.999963 0.999977 0.999985 0.999991 0.999994 0.999996 0.999998 0.999999 0.999999 0.999999 1 1 1 1 1 1 1 1 1 
1 1 1 1 1 1 1 1 1 1 0.999999 0.999999 0.999998 0.999998 0.999996 0.999994 0.99999 0.999985 0.999976 0.999962 0.999941 0.999906 0.999853 0.999769 0.999639 0.999438 0.999127 0.998651 0.997924 0.996826 0.995182 0.992751 0.989214 0.984169 0.977162 0.967774 0.955804 0.941585 0.926374 0.912525 0.902971 0.899994 0.904173 0.914218 0.927634 0.941744 0.954509 0.964785 0.97213 0.976488 0.977928 0.976488 0.97213 0.964785 0.954509 0.941744 0.927634 0.914218 0.904173 0.899994 0.902971 0.912525 0.926374 0.941585 0.955804 0.967774 0.977162 0.984169 0.989214 0.992751 0.995182 0.996826 0.997924 0.998651 0.999127 0.999438 0.999639 0.999769 0.999853 0.999906 0.999941 0.999962 0.999976 0.999985 0.99999 0.999994 0.999996 0.999998 0.999998 0.999999 0.999999 1 1 1 1 1 1 1 1 1 
1 1 1 1 1 1 1 1 1 1 0.999999 0.999999 0.999998 0.999998 0.999996 0.999994 0.99999 0.999985 0.999975 0.999961 0.999938 0.999902 0.999846 0.999756 0.999616 0.999395 0.999051 0.998514 0.997682 0.996399 0.994431 0.991442 0.986951 0.980306 0.970681 0.957147 0.938937 0.91603 0.890145 0.865597 0.848401 0.843297 0.851345 0.86976 0.893471 0.917357 0.937974 0.953848 0.964785 0.971107 0.973168 0.971107 0.964785 0.953848 0.937974 0.917357 0.893471 0.86976 0.851345 0.843297 0.848401 0.865597 0.890145 0.91603 0.938937 0.957147 0.970681 0.980306 0.986951 0.991442 0.994431 0.996399 0.997682 0.998514 0.999051 0.999395 0.999616 0.999756 0.999846 0.999902 0.999938 0.999961 0.999975 0.999985 0.99999 0.999994 0.999996 0.999998 0.999998 0.999999 0.999999 1 1 1 1 1 1 1 1 1 
1 1 1 1 1 1 1 1 1 1 0.999999 0.999999 0.999998 0.999998 0.999996 0.999994 0.99999 0.999984 0.999975 0.99996 0.999936 0.999897 0.999837 0.99974 0.999587 0.999343 0.998957 0.998346 0.99738 0.99586 0.993473 0.989745 0.983964 0.975087 0.961658 0.941793 0.913445 0.875384 0.82959 0.784346 0.752496 0.743622 0.759317 0.793841 0.837042 0.878769 0.912952 0.937974 0.954509 0.963793 0.966774 0.963793 0.954509 0.937974 0.912952 0.878769 0.837042 0.793841 0.759317 0.743622 0.752496 0.784346 0.82959 0.875384 0.913445 0.941793 0.961658 0.975087 0.983964 0.989745 0.993473 0.99586 0.99738 0.998346 0.998957 0.999343 0.999587 0.99974 0.999837 0.999897 0.999936 0.99996 0.999975 0.999984 0.99999 0.999994 0.999996 0.999998 0.999998 0.999999 0.999999 1 1 1 1 1 1 1 1 1 
1 1 1 1 1 1 1 1 1 1 0.999999 0.999999 0.999998 0.999998 0.999996 0.999994 0.99999 0.999984 0.999974 0.999958 0.999933 0.999892 0.999827 0.999723 0.999556 0.999288 0.998857 0.998165 0.997054 0.995271 0.992413 0.987836 0.980531 0.968925 0.950629 0.922177 0.879035 0.816984 0.737698 0.658295 0.604739 0.591284 0.618116 0.677053 0.751962 0.823151 0.878769 0.917357 0.941744 0.955018 0.959213 0.955018 0.941744 0.917357 0.878769 0.823151 0.751962 0.677053 0.618116 0.591284 0.604739 0.658295 0.737698 0.816984 0.879035 0.922177 0.950629 0.968925 0.980531 0.987836 0.992413 0.995271 0.997054 0.998165 0.998857 0.999288 0.999556 0.999723 0.999827 0.999892 0.999933 0.999958 0.999974 0.999984 0.99999 0.999994 0.999996 0.999998 0.999998 0.999999 0.999999 1 1 1 1 1 1 1 1 1 
1 1 1 1 1 1 1 1 1 1 0.999999 0.999999 0.999998 0.999998 0.999996 0.999994 0.99999 0.999983 0.999973 0.999957 0.99993 0.999888 0.999819 0.999708 0.999528 0.999237 0.998765 0.997997 0.996747 0.994712 0.99139 0.985965 0.977094 0.962587 0.938889 0.900349 0.838601 0.744486 0.621449 0.508015 0.442953 0.429195 0.459979 0.533957 0.641722 0.751962 0.837042 0.893471 0.927634 0.945675 0.95129 0.945675 0.927634 0.893471 0.837042 0.751962 0.641722 0.533957 0.459979 0.429195 0.442953 0.508015 0.621449 0.744486 0.838601 0.900349 0.938889 0.962587 0.977094 0.985965 0.99139 0.994712 0.996747 0.997997 0.998765 0.999237 0.999528 0.999708 0.999819 0.999888 0.99993 0.999957 0.999973 0.999983 0.99999 0.999994 0.999996 0.999998 0.999998 0.999999 0.999999 1 1 1 1 1 1 1 1 1 
1 1 1 1 1 1 1 1 1 1 0.999999 0.999999 0.999998 0.999997 0.999996 0.999994 0.99999 0.999983 0.999973 0.999956 0.999929 0.999885 0.999813 0.999697 0.999508 0.999199 0.998694 0.997866 0.996505 0.994265 0.990564 0.984429 0.974221 0.95717 0.928569 0.880496 0.800471 0.675151 0.51844 0.398216 0.342362 0.332042 0.355069 0.418438 0.533957 0.677053 0.793841 0.86976 0.914218 0.937104 0.944133 0.937104 0.914218 0.86976 0.793841 0.677053 0.533957 0.418438 0.355069 0.332042 0.342362 0.398216 0.51844 0.675151 0.800471 0.880496 0.928569 0.95717 0.974221 0.984429 0.990564 0.994265 0.996505 0.997866 0.998694 0.999199 0.999508 0.999697 0.999813 0.999885 0.999929 0.999956 0.999973 0.999983 0.99999 0.999994 0.999996 0.999997 0.999998 0.999999 0.999999 1 1 1 1 1 1 1 1 1 
1 1 1 1 1 1 1 1 1 1 0.999999 0.999999 0.999998 0.999998 0.999996 0.999994 0.99999 0.999983 0.999973 0.999956 0.999928 0.999884 0.999811 0.999692 0.999497 0.999179 0.998655 0.997793 0.996368 0.994007 0.990078 0.983511 0.972477 0.953827 0.922093 0.867827 0.775923 0.631771 0.46203 0.348912 0.302539 0.293526 0.307866 0.355069 0.459979 0.618116 0.759317 0.851345 0.904173 0.930893 0.939022 0.930893 0.904173 0.851345 0.759317 0.618116 0.459979 0.355069 0.307866 0.293526 0.302539 0.348912 0.46203 0.631771 0.775923 0.867827 0.922093 0.953827 0.972477 0.983511 0.990078 0.994007 0.996368 0.997793 0.998655 0.999179 0.999497 0.999692 0.999811 0.999884 0.999928 0.999956 0.999973 0.999983 0.99999 0.999994 0.999996 0.999998 0.999998 0.999999 0.999999 1 1 1 1 1 1 1 1 1 
1 1 1 1 1 1 1 1 1 1 0.999999 0.999999 0.999998 0.999998 0.999996 0.999994 0.99999 0.999983 0.999973 0.999956 0.999929 0.999885 0.999812 0.999694 0.9995 0.999181 0.998657 0.997792 0.996361 0.993986 0.990026 0.983397 0.97224 0.953349 0.921149 0.866004 0.772557 0.62636 0.455864 0.343535 0.296759 0.284949 0.293526 0.332042 0.429195 0.591284 0.743622 0.843297 0.899994 0.928429 0.937042 0.928429 0.899994 0.843297 0.743622 0.591284 0.429195 0.332042 0.293526 0.284949 0.296759 0.343535 0.455864 0.62636 0.772557 0.866004 0.921149 0.953349 0.97224 0.983397 0.990026 0.993986 0.996361 0.997792 0.998657 0.999181 0.9995 0.999694 0.999812 0.999885 0.999929 0.999956 0.999973 0.999983 0.99999 0.999994 0.999996 0.999998 0.999998 0.999999 0.999999 1 1 1 1 1 1 1 1 1 
1 1 1 1 1 1 1 1 1 1 0.999999 0.999999 0.999999 0.999998 0.999996 0.999994 0.99999 0.999984 0.999974 0.999958 0.999931 0.999888 0.999818 0.999703 0.999515 0.999207 0.998701 0.997867 0.99649 0.994211 0.990426 0.98412 0.97357 0.955845 0.925934 0.875346 0.790706 0.658276 0.495664 0.374493 0.316082 0.296759 0.302539 0.342362 0.442953 0.604739 0.752496 0.848401 0.902971 0.930391 0.938706 0.930391 0.902971 0.848401 0.752496 0.604739 0.442953 0.342362 0.302539 0.296759 0.316082 0.374493 0.495664 0.658276 0.790706 0.875346 0.925934 0.955845 0.97357 0.98412 0.990426 0.994211 0.99649 0.997867 0.998701 0.999207 0.999515 0.999703 0.999818 0.999888 0.999931 0.999958 0.999974 0.999984 0.99999 0.999994 0.999996 0.999998 0.999999 0.999999 0.999999 1 1 1 1 1 1 1 1 1 
1 1 1 1 1 1 1 1 1 1 0.999999 0.999999 0.999999 0.999998 0.999996 0.999994 0.999991 0.999985 0.999975 0.99996 0.999935 0.999894 0.999828 0.999719 0.999543 0.999255 0.998783 0.998009 0.99674 0.994654 0.991218 0.985553 0.976198 0.960731 0.935153 0.892962 0.824246 0.717809 0.578031 0.451002 0.374493 0.343535 0.348912 0.398216 0.508015 0.658295 0.784346 0.865597 0.912525 0.936438 0.943745 0.936438 0.912525 0.865597 0.784346 0.658295 0.508015 0.398216 0.348912 0.343535 0.374493 0.451002 0.578031 0.717809 0.824246 0.892962 0.935153 0.960731 0.976198 0.985553 0.991218 0.994654 0.99674 0.998009 0.998783 0.999255 0.999543 0.999719 0.999828 0.999894 0.999935 0.99996 0.999975 0.999985 0.999991 0.999994 0.999996 0.999998 0.999999 0.999999 0.999999 1 1 1 1 1 1 1 1 1 
1 1 1 1 1 1 1 1 1 1 0.999999 0.999999 0.999999 0.999998 0.999997 0.999994 0.999991 0.999986 0.999977 0.999962 0.999939 0.999902 0.999841 0.999742 0.999581 0.99932 0.998895 0.998205 0.997082 0.995255 0.992285 0.987461 0.97964 0.967 0.946678 0.914313 0.863718 0.787979 0.686251 0.578031 0.495664 0.455864 0.46203 0.51844 0.621449 0.737698 0.82959 0.890145 0.926374 0.945327 0.951196 0.945327 0.926374 0.890145 0.82959 0.737698 0.621449 0.51844 0.46203 0.455864 0.495664 0.578031 0.686251 0.787979 0.863718 0.914313 0.946678 0.967 0.97964 0.987461 0.992285 0.995255 0.997082 0.998205 0.998895 0.99932 0.999581 0.999742 0.999841 0.999902 0.999939 0.999962 0.999977 0.999986 0.999991 0.999994 0.999997 0.999998 0.999999 0.999999 0.999999 1 1 1 1 1 1 1 1 1 
1 1 1 1 1 1 1 1 1 1 1 0.999999 0.999999 0.999998 0.999997 0.999995 0.999992 0.999987 0.999979 0.999966 0.999945 0.999911 0.999856 0.999768 0.999626 0.999397 0.999028 0.998433 0.997477 0.995943 0.993488 0.989574 0.983368 0.973607 0.958425 0.935213 0.900675 0.851653 0.787979 0.717809 0.658276 0.62636 0.631771 0.675151 0.744486 0.816984 0.875384 0.91603 0.941585 0.955415 0.95977 0.955415 0.941585 0.91603 0.875384 0.816984 0.744486 0.675151 0.631771 0.62636 0.658276 0.717809 0.787979 0.851653 0.900675 0.935213 0.958425 0.973607 0.983368 0.989574 0.993488 0.995943 0.997477 0.998433 0.999028 0.999397 0.999626 0.999768 0.999856 0.999911 0.999945 0.999966 0.999979 0.999987 0.999992 0.999995 0.999997 0.999998 0.999999 0.999999 1 1 1 1 1 1 1 1 1 1 
